-2.	-0.29508047649498453
-1.999	-0.2940043039057625
-1.998	-0.2929281416187864
-1.997	-0.291851989656183
-1.996	-0.29077584804010764
-1.995	-0.28969971679292716
-1.994	-0.28862359593583276
-1.993	-0.28754748549174786
-1.992	-0.28647138548314527
-1.991	-0.2853952959318483
-1.99	-0.2843192168605373
-1.989	-0.28324314829119185
-1.988	-0.28216709024714626
-1.987	-0.28109104275021546
-1.986	-0.28001500582293637
-1.985	-0.2789389794881473
-1.984	-0.2778629637687563
-1.983	-0.276786958687522
-1.982	-0.27571096426627645
-1.981	-0.27463498052919927
-1.98	-0.27355900749798884
-1.979	-0.2724830451965829
-1.978	-0.2714070936474544
-1.977	-0.2703311528733954
-1.976	-0.269255222898346
-1.975	-0.268179303744302
-1.974	-0.2671033954359003
-1.973	-0.2660274979950253
-1.972	-0.2649516114458955
-1.971	-0.2638757358111171
-1.97	-0.26279987111495734
-1.969	-0.26172401738013823
-1.968	-0.26064817463072903
-1.967	-0.25957234288983067
-1.966	-0.25849652218174235
-1.965	-0.2574207125296665
-1.964	-0.25634491395734915
-1.963	-0.2552691264886641
-1.962	-0.2541933501477032
-1.961	-0.2531175849578668
-1.96	-0.25204183094362836
-1.959	-0.2509660881286148
-1.958	-0.24989035653703062
-1.957	-0.24881463619339936
-1.956	-0.24773892712117157
-1.955	-0.2466632293451016
-1.954	-0.24558754288935558
-1.953	-0.24451186777856454
-1.952	-0.2434362040364476
-1.951	-0.242360551688452
-1.95	-0.24128491075797573
-1.949	-0.24020928127027028
-1.948	-0.23913366325010293
-1.947	-0.2380580567218346
-1.946	-0.236982461710417
-1.945	-0.23590687824051398
-1.944	-0.23483130633732763
-1.943	-0.23375574602526536
-1.942	-0.23268019732937698
-1.941	-0.2316046602752438
-1.94	-0.23052913488719193
-1.939	-0.22945362119108362
-1.938	-0.22837811921192006
-1.937	-0.22730262897480055
-1.936	-0.2262271505054051
-1.935	-0.22515168382839093
-1.934	-0.22407622897009843
-1.933	-0.22300078595576542
-1.932	-0.22192535481074585
-1.931	-0.2208499355605397
-1.93	-0.2197745282313897
-1.929	-0.2186991328485691
-1.928	-0.2176237494384247
-1.927	-0.21654837802624194
-1.926	-0.21547301863826826
-1.925	-0.21439767130029982
-1.924	-0.21332233603854817
-1.923	-0.2122470128792265
-1.922	-0.2111717018481388
-1.921	-0.21009640297195117
-1.92	-0.209021116276795
-1.919	-0.2079458417892498
-1.918	-0.20687057953523982
-1.917	-0.20579532954182206
-1.916	-0.20472009183512668
-1.915	-0.20364486644172622
-1.914	-0.2025696533888876
-1.913	-0.20149445270268346
-1.912	-0.20041926441026853
-1.911	-0.19934408853812927
-1.91	-0.19826892511392782
-1.909	-0.1971937741638441
-1.908	-0.19611863571559132
-1.907	-0.1950435097960328
-1.906	-0.19396839643220956
-1.905	-0.19289329565145316
-1.904	-0.1918182074810932
-1.903	-0.1907431319485673
-1.902	-0.1896680690812615
-1.901	-0.18859301890674093
-1.9	-0.1875179814527137
-1.899	-0.18644295674649822
-1.898	-0.18536794481587088
-1.897	-0.18429294568877494
-1.896	-0.18321795939278404
-1.895	-0.18214298595618397
-1.894	-0.18106802540668868
-1.893	-0.1799930777723909
-1.892	-0.17891814308122345
-1.891	-0.17784322136164474
-1.89	-0.17676831264161824
-1.889	-0.175693416949893
-1.888	-0.17461853431438712
-1.887	-0.173543664763463
-1.886	-0.17246880832597877
-1.885	-0.1713939650306389
-1.884	-0.1703191349057062
-1.883	-0.1692443179798875
-1.882	-0.16816951428214585
-1.881	-0.1670947238412927
-1.88	-0.16601994668638445
-1.879	-0.16494518284608498
-1.8780000000000001	-0.16387043234962992
-1.877	-0.1627956952262972
-1.876	-0.16172097150499798
-1.875	-0.16064626121511377
-1.874	-0.15957156438618897
-1.873	-0.15849688104718895
-1.8719999999999999	-0.15742221122798852
-1.871	-0.15634755495795283
-1.87	-0.15527291226696682
-1.869	-0.15419828318425371
-1.8679999999999999	-0.15312366774004962
-1.867	-0.15204906596387457
-1.866	-0.1509744778855418
-1.865	-0.14989990353570934
-1.8639999999999999	-0.14882534294364216
-1.863	-0.14775079613959802
-1.862	-0.14667626315429064
-1.861	-0.14560174401742254
-1.8599999999999999	-0.14452723875960669
-1.859	-0.14345274741141686
-1.858	-0.14237827000298214
-1.857	-0.14130380656503613
-1.8559999999999999	-0.14022935712829315
-1.855	-0.1391549217234522
-1.854	-0.13808050038119352
-1.853	-0.1370060931322859
-1.852	-0.13593170000798305
-1.851	-0.13485732103910272
-1.85	-0.13378295625673423
-1.849	-0.13270860569211965
-1.848	-0.13163426937624906
-1.847	-0.1305599473409361
-1.846	-0.1294856396171193
-1.845	-0.12841134623652403
-1.844	-0.12733706723046645
-1.843	-0.126262802630806
-1.842	-0.1251885524691461
-1.841	-0.12411431677729301
-1.84	-0.12304009558723204
-1.839	-0.12196588893042754
-1.838	-0.12089169683932487
-1.837	-0.11981751934597586
-1.836	-0.11874335648249146
-1.835	-0.117669208281001
-1.834	-0.11659507477408734
-1.833	-0.11552095599381167
-1.832	-0.11444685197307077
-1.831	-0.11337276274397938
-1.83	-0.11229868833958137
-1.829	-0.11122462879242065
-1.828	-0.11015058413532533
-1.827	-0.10907655440108247
-1.826	-0.1080025396229307
-1.825	-0.10692853983378245
-1.824	-0.105854555066721
-1.823	-0.1047805853550229
-1.822	-0.10370663073184287
-1.821	-0.10263269123059401
-1.82	-0.10155876688506059
-1.819	-0.10048485772837475
-1.818	-0.099410963794354
-1.817	-0.09833708511664814
-1.816	-0.09726322172927913
-1.815	-0.09618937366571419
-1.814	-0.09511554096034014
-1.813	-0.0940417236468514
-1.812	-0.09296792175954259
-1.811	-0.09189413533271885
-1.81	-0.09082036440054303
-1.809	-0.08974660899737323
-1.808	-0.0886728691577702
-1.807	-0.08759914491624694
-1.806	-0.08652543630760015
-1.805	-0.08545174336641784
-1.804	-0.0843780661274861
-1.803	-0.08330440462570149
-1.802	-0.08223075889622311
-1.801	-0.08115712897390363
-1.8	-0.08008351489415899
-1.799	-0.07900991669207645
-1.798	-0.07793633440304021
-1.797	-0.07686276806231752
-1.796	-0.07578921770590559
-1.795	-0.07471568336894173
-1.794	-0.0736421650872532
-1.793	-0.07256866289670023
-1.792	-0.07149517683308086
-1.791	-0.07042170693240926
-1.79	-0.06934825323088532
-1.789	-0.06827481576448538
-1.788	-0.06720139456931393
-1.787	-0.06612798968209027
-1.786	-0.06505460113891376
-1.785	-0.06398122897649869
-1.784	-0.0629078732312435
-1.783	-0.06183453394014911
-1.782	-0.060761211139746474
-1.781	-0.0596879048670816
-1.78	-0.05861461515893702
-1.779	-0.057541342052585855
-1.778	-0.05646808558530487
-1.777	-0.055394845794037126
-1.776	-0.05432162271635067
-1.775	-0.05324841638951714
-1.774	-0.05217522685138712
-1.773	-0.051102054139406085
-1.772	-0.05002889829126921
-1.771	-0.04895575934485525
-1.77	-0.0478826373382336
-1.769	-0.04680953230925265
-1.768	-0.04573644429610362
-1.767	-0.04466337333703727
-1.766	-0.043590319470439405
-1.765	-0.042517282734552804
-1.764	-0.04144426316802022
-1.763	-0.04037126080940184
-1.762	-0.03929827569743995
-1.761	-0.0382253078709784
-1.76	-0.037152357368823406
-1.759	-0.03607942423012555
-1.758	-0.035006508493902695
-1.7570000000000001	-0.03393361019935455
-1.756	-0.0328607293859705
-1.755	-0.03178786609286214
-1.754	-0.030715020359844407
-1.7530000000000001	-0.02964219222637308
-1.752	-0.028569381732231353
-1.751	-0.02749658891724477
-1.75	-0.02642381382137993
-1.749	-0.02535105648445972
-1.748	-0.024278316946827624
-1.7469999999999999	-0.023205595248617095
-1.746	-0.0221328914302194
-1.745	-0.021060205532119763
-1.744	-0.01998753759485804
-1.7429999999999999	-0.018914887658928566
-1.742	-0.017842255765288178
-1.741	-0.016769641954757022
-1.74	-0.015697046268223304
-1.7389999999999999	-0.014624468746774458
-1.738	-0.01355190943170502
-1.737	-0.012479368364168159
-1.736	-0.01140684558577634
-1.7349999999999999	-0.010334341137838602
-1.734	-0.00926185506207092
-1.733	-0.008189387400067125
-1.732	-0.007116938193827239
-1.7309999999999999	-0.006044507485226035
-1.73	-0.004972095316303635
-1.729	-0.003899701729198497
-1.728	-0.0028273267663112864
-1.7269999999999999	-0.0017549704698960667
-1.726	-0.0006826328825606476
-1.725	0.0003896859533703309
-1.724	0.0014619859948004142
-1.7229999999999999	0.002534267199002317
-1.722	0.0036065295232432706
-1.721	0.004678772924248858
-1.72	0.005750997358950953
-1.7189999999999999	0.006823202783955834
-1.718	0.007895389155956042
-1.717	0.008967556431486303
-1.716	0.010039704566949168
-1.7149999999999999	0.011111833518435208
-1.714	0.012183943242079054
-1.713	0.013256033694092938
-1.712	0.014328104830212988
-1.711	0.015400156606379943
-1.71	0.016472188978246916
-1.709	0.01754420190127568
-1.708	0.01861619533093986
-1.707	0.019688169222555212
-1.706	0.020760123531487533
-1.705	0.02183205821252483
-1.704	0.022903973220910985
-1.703	0.023975868511262946
-1.702	0.025047744038600325
-1.701	0.02611959975717542
-1.7	0.02719143562175004
-1.699	0.028263251586539404
-1.698	0.029335047605780172
-1.697	0.03040682363378474
-1.696	0.03147857962421614
-1.695	0.03255031553123705
-1.694	0.03362203130844568
-1.693	0.034693726909528835
-1.692	0.035765402287994325
-1.691	0.03683705739718888
-1.69	0.037908692190374314
-1.689	0.03898030662065648
-1.688	0.04005190064110796
-1.687	0.04112347420451075
-1.686	0.042195027263535224
-1.685	0.04326655977104893
-1.684	0.04433807167926397
-1.683	0.04540956294084477
-1.682	0.04648103350774036
-1.681	0.047552483332195875
-1.68	0.048623912366147104
-1.679	0.04969532056144745
-1.678	0.050766707869823686
-1.677	0.051838074242963925
-1.676	0.052909419632116886
-1.675	0.0539807439886833
-1.674	0.05505204726390515
-1.673	0.056123329408740735
-1.672	0.05719459037432254
-1.671	0.05826583011112453
-1.67	0.059337048570082825
-1.669	0.060408245701508725
-1.668	0.06147942145594252
-1.667	0.06255057578360067
-1.666	0.06362170863453424
-1.665	0.06469281995881819
-1.664	0.06576390970615226
-1.663	0.0668349778263959
-1.662	0.06790602426896185
-1.661	0.0689770489834779
-1.66	0.07004805191902219
-1.659	0.07111903302486616
-1.658	0.07218999225001134
-1.657	0.07326092954330718
-1.656	0.07433184485345204
-1.655	0.07540273812915134
-1.654	0.07647360931875563
-1.653	0.0775444583705461
-1.652	0.07861528523274143
-1.651	0.07968608985337884
-1.65	0.08075687218024828
-1.649	0.08182763216117936
-1.6480000000000001	0.08289836974369366
-1.647	0.08396908487534026
-1.646	0.0850397775032334
-1.645	0.08611044757466453
-1.6440000000000001	0.08718109503653072
-1.643	0.08825171983590242
-1.642	0.08932232191923146
-1.641	0.09039290123322831
-1.6400000000000001	0.09146345772423219
-1.639	0.0925339913385466
-1.638	0.09360450202227832
-1.637	0.09467498972140596
-1.6360000000000001	0.09574545438174235
-1.635	0.09681589594892723
-1.634	0.09788631436843095
-1.633	0.09895670958570116
-1.6320000000000001	0.10002708154587209
-1.631	0.10109743019406506
-1.63	0.10216775547509908
-1.629	0.10323805733375853
-1.6280000000000001	0.10430833571465702
-1.627	0.10537859056214248
-1.626	0.1064488218204902
-1.625	0.10751902943395525
-1.624	0.10858921334639648
-1.623	0.10965937350162089
-1.6219999999999999	0.11072950984325787
-1.621	0.11179962231478614
-1.62	0.11286971085966191
-1.619	0.11393977542089505
-1.6179999999999999	0.11500981594152487
-1.617	0.11607983236448127
-1.616	0.11714982463230596
-1.615	0.11821979268766611
-1.6139999999999999	0.11928973647284276
-1.613	0.120359655930007
-1.612	0.12142955100126036
-1.611	0.12249942162840322
-1.6099999999999999	0.12356926775311326
-1.609	0.12463908931698897
-1.608	0.1257088862614289
-1.607	0.12677865852758025
-1.6059999999999999	0.12784840605642114
-1.605	0.12891812878887657
-1.604	0.1299878266656434
-1.603	0.1310574996272103
-1.6019999999999999	0.13212714761394703
-1.601	0.13319677056612594
-1.6	0.13426636842363485
-1.599	0.13533594112635247
-1.5979999999999999	0.13640548861395693
-1.597	0.13747501082595706
-1.596	0.13854450770163387
-1.595	0.13961397918020121
-1.5939999999999999	0.14068342520056
-1.593	0.14175284570149446
-1.592	0.14282224062168297
-1.591	0.1438916098995533
-1.5899999999999999	0.14496095347338733
-1.589	0.14603027128118823
-1.588	0.1470995632609673
-1.587	0.1481688293503997
-1.5859999999999999	0.14923806948702803
-1.585	0.15030728360819404
-1.584	0.15137647165112228
-1.583	0.15244563355285584
-1.582	0.15351476925008042
-1.581	0.15458387867959064
-1.58	0.1556529617777104
-1.579	0.1567220184808195
-1.578	0.15779104872483798
-1.577	0.15886005244581156
-1.576	0.1599290295793424
-1.575	0.1609979800610925
-1.574	0.1620669038261938
-1.573	0.16313580080997533
-1.572	0.16420467094721633
-1.571	0.16527351417286598
-1.57	0.1663423304213385
-1.569	0.16741111962703692
-1.568	0.16847988172426182
-1.567	0.1695486166468563
-1.566	0.17061732432872356
-1.565	0.17168600470336728
-1.564	0.1727546577042718
-1.563	0.17382328326464178
-1.562	0.17489188131745864
-1.561	0.17596045179560224
-1.56	0.17702899463161548
-1.559	0.17809750975798963
-1.558	0.179165997106856
-1.557	0.18023445661029666
-1.556	0.18130288820009585
-1.555	0.18237129180794592
-1.554	0.18343966736515782
-1.553	0.18450801480294118
-1.552	0.18557633405237944
-1.551	0.18664462504427665
-1.55	0.1877128877091618
-1.549	0.1887811219773975
-1.548	0.1898493277792088
-1.547	0.1909175050445934
-1.546	0.1919856537032807
-1.545	0.1930537736847739
-1.544	0.19412186491850636
-1.543	0.19518992733359203
-1.542	0.19625796085886524
-1.541	0.19732596542314573
-1.54	0.1983939409548223
-1.539	0.19946188738221612
-1.538	0.20052980463338593
-1.537	0.20159769263615873
-1.536	0.20266555131817918
-1.535	0.20373338060684645
-1.534	0.2048011804294158
-1.533	0.20586895071275235
-1.532	0.20693669138362272
-1.531	0.20800440236866183
-1.53	0.20907208359404014
-1.529	0.21013973498594582
-1.528	0.21120735647016414
-1.527	0.21227494797241944
-1.526	0.2133425094180125
-1.525	0.2144100407322057
-1.524	0.21547754183991213
-1.523	0.21654501266590262
-1.522	0.21761245313465633
-1.521	0.21867986317043803
-1.52	0.21974724269726428
-1.5190000000000001	0.2208145916390258
-1.518	0.22188190991919574
-1.517	0.22294919746119576
-1.516	0.22401645418812932
-1.5150000000000001	0.22508368002282672
-1.514	0.2261508748879103
-1.513	0.2272180387058357
-1.512	0.2282851713987479
-1.5110000000000001	0.22935227288857393
-1.51	0.23041934309696543
-1.509	0.2314863819454136
-1.508	0.2325533893550509
-1.5070000000000001	0.23362036524691407
-1.506	0.23468730954169112
-1.505	0.23575422215983816
-1.504	0.2368211030216408
-1.5030000000000001	0.23788795204696944
-1.502	0.2389547691556666
-1.501	0.24002155426716384
-1.5	0.24108830730073133
-1.499	0.24215502817530465
-1.498	0.24322171680963248
-1.4969999999999999	0.24428837312222715
-1.496	0.24535499703129884
-1.495	0.24642158845486842
-1.494	0.24748814731060784
-1.4929999999999999	0.24855467351595467
-1.492	0.24962116698815223
-1.491	0.2506876276441922
-1.49	0.251754055400743
-1.4889999999999999	0.2528204501741931
-1.488	0.25388681188077367
-1.487	0.25495314043634065
-1.486	0.2560194357566121
-1.485	0.2570856977568797
-1.484	0.2581519263523255
-1.483	0.25921812145777395
-1.482	0.260284282987845
-1.481	0.2613504108568205
-1.48	0.2624165049787298
-1.479	0.26348256526740027
-1.478	0.26454859163630784
-1.477	0.2656145839987106
-1.476	0.26668054226754945
-1.475	0.26774646635548305
-1.474	0.26881235617497
-1.473	0.2698782116381445
-1.472	0.27094403265685163
-1.471	0.27200981914261324
-1.47	0.2730755710067939
-1.469	0.2741412881603905
-1.468	0.27520697051413395
-1.467	0.2762726179784575
-1.466	0.27733823046358236
-1.465	0.27840380787932023
-1.464	0.27946935013529894
-1.463	0.28053485714085197
-1.462	0.28160032880492747
-1.461	0.28266576503631957
-1.46	0.28373116574342766
-1.459	0.28479653083442574
-1.458	0.28586186021714266
-1.457	0.28692715379915185
-1.456	0.2879924114876708
-1.455	0.2890576331896889
-1.454	0.2901228188118863
-1.453	0.29118796826061744
-1.452	0.2922530814419486
-1.451	0.2933181582616461
-1.45	0.2943831986251206
-1.449	0.2954482024376396
-1.448	0.2965131696039455
-1.447	0.2975781000286294
-1.446	0.29864299361589447
-1.445	0.2997078502697258
-1.444	0.3007726698937101
-1.443	0.30183745239112775
-1.442	0.30290219766502585
-1.441	0.3039669056180354
-1.44	0.3050315761525253
-1.439	0.3060962091705906
-1.438	0.30716080457387607
-1.437	0.3082253622638716
-1.436	0.30928988214163394
-1.435	0.3103543641079034
-1.434	0.31141880806317473
-1.433	0.31248321390755135
-1.432	0.31354758154081697
-1.431	0.3146119108624427
-1.43	0.31567620177156014
-1.429	0.31674045416699914
-1.428	0.31780466794723633
-1.427	0.31886884301043794
-1.426	0.31993297925436825
-1.425	0.32099707657653676
-1.424	0.3220611348740519
-1.423	0.32312515404378606
-1.422	0.3241891339821502
-1.421	0.32525307458530267
-1.42	0.32631697574899915
-1.419	0.32738083736870655
-1.418	0.32844465933948586
-1.417	0.3295084415561207
-1.416	0.33057218391302007
-1.415	0.33163588630422597
-1.414	0.3326995486234314
-1.413	0.3337631707640018
-1.412	0.3348267526189316
-1.411	0.33589029408085497
-1.41	0.3369537950420989
-1.409	0.3380172553945668
-1.408	0.3390806750298328
-1.407	0.34014405383913626
-1.406	0.3412073917132943
-1.405	0.34227068854281834
-1.404	0.3433339442178182
-1.403	0.34439715862805753
-1.402	0.3454603316629486
-1.401	0.34652346321146177
-1.4	0.3475865531623011
-1.399	0.34864960140373846
-1.398	0.3497126078236343
-1.397	0.35077557230954814
-1.396	0.3518384947486497
-1.395	0.35290137502764973
-1.394	0.3539642130330463
-1.393	0.35502700865076325
-1.392	0.35608976176645146
-1.391	0.35715247226537566
-1.39	0.3582151400324128
-1.389	0.35927776495196734
-1.388	0.3603403469081903
-1.387	0.36140288578474516
-1.386	0.3624653814649062
-1.385	0.363527833831617
-1.384	0.3645902427673674
-1.383	0.36565260815427564
-1.382	0.3667149298740549
-1.381	0.3677772078079956
-1.38	0.36883944183705664
-1.379	0.36990163184167235
-1.378	0.37096377770200684
-1.377	0.3720258792977175
-1.376	0.3730879365081003
-1.375	0.3741499492120044
-1.3739999999999999	0.3752119172879255
-1.373	0.3762738406138872
-1.3719999999999999	0.3773357190675069
-1.371	0.3783975525260267
-1.3699999999999999	0.3794593408662035
-1.369	0.3805210839644424
-1.3679999999999999	0.3815827816966814
-1.367	0.3826444339384404
-1.366	0.3837060405647945
-1.365	0.3847676014504539
-1.3639999999999999	0.3858291164696259
-1.363	0.38689058549614475
-1.362	0.3879520084033507
-1.361	0.3890133850642288
-1.3599999999999999	0.3900747153512212
-1.359	0.3911359991364311
-1.358	0.39219723629148245
-1.357	0.39325842668752764
-1.3559999999999999	0.3943195701952972
-1.355	0.39538066668510274
-1.354	0.39644171602678674
-1.353	0.3975027180897074
-1.3519999999999999	0.3985636727428267
-1.351	0.3996245798546249
-1.35	0.40068543929313494
-1.349	0.40174625092589095
-1.3479999999999999	0.40280701462003093
-1.347	0.4038677302422047
-1.346	0.40492839765859856
-1.345	0.405989016734908
-1.3439999999999999	0.40704958733639296
-1.343	0.40811010932785363
-1.342	0.4091705825735861
-1.341	0.4102310069374363
-1.34	0.4112913822827309
-1.339	0.41235170847241254
-1.338	0.41341198536883816
-1.337	0.41447221283393926
-1.336	0.41553239072918763
-1.335	0.4165925189154874
-1.334	0.41765259725334564
-1.333	0.41871262560271655
-1.332	0.4197726038230938
-1.331	0.42083253177346364
-1.33	0.4218924093123281
-1.329	0.4229522362976959
-1.328	0.42401201258702853
-1.327	0.42507173803735426
-1.326	0.42613141250515146
-1.325	0.42719103584639573
-1.324	0.428250607916573
-1.323	0.429310128570659
-1.322	0.4303695976630809
-1.321	0.43142901504778913
-1.32	0.43248838057819927
-1.319	0.4335476941072191
-1.318	0.43460695548722345
-1.317	0.4356661645700491
-1.316	0.4367253212070515
-1.315	0.43778442524900896
-1.314	0.4388434765461884
-1.313	0.43990247494835216
-1.312	0.44096142030466223
-1.311	0.4420203124638176
-1.31	0.4430791512739064
-1.309	0.4441379365825336
-1.308	0.44519666823674015
-1.307	0.44625534608299
-1.306	0.44731396996724876
-1.305	0.44837253973488017
-1.304	0.44943105523073357
-1.303	0.4504895162991004
-1.302	0.4515479227836679
-1.301	0.4526062745276338
-1.3	0.45366457137355903
-1.299	0.45472281316350016
-1.298	0.45578099973890723
-1.297	0.45683913094067186
-1.296	0.4578972066091014
-1.295	0.4589552265839521
-1.294	0.46001319070437585
-1.293	0.4610710988089764
-1.292	0.46212895073573207
-1.291	0.46318674632207196
-1.29	0.46424448540481156
-1.289	0.4653021678201936
-1.288	0.46635979340385725
-1.287	0.46741736199085904
-1.286	0.4684748734156402
-1.285	0.46953232751204954
-1.284	0.47058972411333794
-1.283	0.47164706305212434
-1.282	0.47270434416046714
-1.281	0.47376156726974894
-1.28	0.47481873221081256
-1.279	0.47587583881380957
-1.278	0.47693288690833807
-1.277	0.4779898763233308
-1.276	0.47904680688710355
-1.275	0.4801036784273687
-1.274	0.48116049077116557
-1.273	0.4822172437449484
-1.272	0.4832739371744938
-1.271	0.4843305708849823
-1.27	0.4853871447008972
-1.269	0.48644365844614385
-1.268	0.487500111943926
-1.267	0.488556505016832
-1.266	0.48961283748678336
-1.265	0.4906691091750382
-1.264	0.4917253199022228
-1.263	0.4927814694882708
-1.262	0.4938375577524732
-1.261	0.49489358451345383
-1.26	0.4959495495891619
-1.259	0.49700545279687974
-1.258	0.49806129395319787
-1.257	0.4991170728740389
-1.256	0.5001727893746446
-1.255	0.5012284432696001
-1.254	0.5022840343727307
-1.253	0.5033395624972435
-1.252	0.50439502745563
-1.251	0.5054504290596611
-1.25	0.5065057671204415
-1.2489999999999999	0.5075610414483583
-1.248	0.5086162518530865
-1.2469999999999999	0.5096713981436062
-1.246	0.5107264801281906
-1.245	0.5117814976143654
-1.244	0.512836450408983
-1.2429999999999999	0.5138913383181378
-1.242	0.5149461611472225
-1.241	0.5160009187008777
-1.24	0.5170556107830582
-1.2389999999999999	0.5181102371969277
-1.238	0.519164797744949
-1.237	0.5202192922288529
-1.236	0.5212737204495996
-1.2349999999999999	0.5223280822074186
-1.234	0.5233823773017734
-1.233	0.5244366055313966
-1.232	0.5254907666942515
-1.2309999999999999	0.5265448605875345
-1.23	0.5275988870076979
-1.229	0.5286528457504029
-1.228	0.5297067366105613
-1.2269999999999999	0.530760559382293
-1.226	0.5318143138589788
-1.225	0.5328679998331602
-1.224	0.5339216170966347
-1.2229999999999999	0.5349751654404226
-1.222	0.5360286446547118
-1.221	0.5370820545289323
-1.22	0.5381353948516945
-1.2189999999999999	0.5391886654108216
-1.218	0.540241865993327
-1.217	0.541294996385408
-1.216	0.5423480563724683
-1.2149999999999999	0.5434010457390754
-1.214	0.5444539642689852
-1.213	0.5455068117451422
-1.212	0.5465595879496408
-1.2109999999999999	0.5476122926637768
-1.21	0.5486649256679762
-1.209	0.5497174867418555
-1.208	0.5507699756641697
-1.2069999999999999	0.5518223922128609
-1.206	0.5528747361649698
-1.205	0.5539270072967435
-1.204	0.5549792053835273
-1.2029999999999998	0.5560313301998319
-1.202	0.5570833815192934
-1.201	0.5581353591146746
-1.2	0.5591872627578859
-1.199	0.5602390922199485
-1.198	0.561290847271008
-1.197	0.5623425276803178
-1.196	0.5633941332162575
-1.195	0.5644456636463064
-1.194	0.5654971187370624
-1.193	0.5665484982541861
-1.192	0.5675998019624912
-1.191	0.5686510296258431
-1.19	0.5697021810072079
-1.189	0.5707532558686392
-1.188	0.5718042539712694
-1.187	0.5728551750752944
-1.186	0.5739060189400068
-1.185	0.5749567853237428
-1.184	0.5760074739839275
-1.183	0.5770580846770289
-1.182	0.5781086171585742
-1.181	0.5791590711831407
-1.18	0.5802094465043605
-1.179	0.5812597428748949
-1.178	0.5823099600464541
-1.177	0.5833600977697725
-1.176	0.5844101557946355
-1.175	0.5854601338698301
-1.174	0.5865100317431804
-1.173	0.5875598491615179
-1.172	0.5886095858706946
-1.171	0.5896592416155658
-1.17	0.5907088161399909
-1.169	0.5917583091868135
-1.168	0.5928077204979116
-1.167	0.5938570498141013
-1.166	0.5949062968752351
-1.165	0.5959554614201066
-1.164	0.597004543186511
-1.163	0.5980535419111959
-1.162	0.5991024573298891
-1.161	0.6001512891772691
-1.16	0.6012000371870077
-1.159	0.6022487010916682
-1.158	0.6032972806228198
-1.157	0.6043457755109359
-1.156	0.6053941854854544
-1.155	0.6064425102747414
-1.154	0.6074907496060736
-1.153	0.6085389032056846
-1.152	0.6095869707986945
-1.151	0.6106349521091569
-1.15	0.6116828468600439
-1.149	0.612730654773206
-1.148	0.6137783755694074
-1.147	0.6148260089683123
-1.146	0.6158735546884752
-1.145	0.6169210124473191
-1.144	0.6179683819611642
-1.143	0.6190156629452039
-1.142	0.6200628551134885
-1.141	0.621109958178942
-1.14	0.6221569718533437
-1.139	0.6232038958473367
-1.138	0.6242507298704106
-1.137	0.6252974736308827
-1.1360000000000001	0.6263441268359271
-1.135	0.627390689191545
-1.134	0.6284371604025694
-1.133	0.6294835401726417
-1.1320000000000001	0.6305298282042439
-1.131	0.6315760241986459
-1.13	0.6326221278559444
-1.129	0.6336681388750154
-1.1280000000000001	0.6347140569535578
-1.127	0.6357598817880462
-1.126	0.6368056130737315
-1.125	0.637851250504648
-1.124	0.6388967937736265
-1.123	0.6399422425722278
-1.1219999999999999	0.6409875965908036
-1.121	0.6420328555184533
-1.12	0.6430780190430337
-1.119	0.6441230868511241
-1.1179999999999999	0.6451680586280781
-1.117	0.6462129340579528
-1.116	0.6472577128235496
-1.115	0.6483023946063907
-1.1139999999999999	0.649346979086714
-1.113	0.6503914659434634
-1.112	0.6514358548542966
-1.111	0.6524801454955564
-1.1099999999999999	0.6535243375422939
-1.109	0.6545684306682388
-1.108	0.655612424545799
-1.107	0.6566563188460675
-1.1059999999999999	0.6577001132388033
-1.105	0.6587438073924101
-1.104	0.6597874009739755
-1.103	0.660830893649221
-1.1019999999999999	0.6618742850825234
-1.101	0.662917574936881
-1.1	0.6639607628739382
-1.099	0.6650038485539664
-1.0979999999999999	0.6660468316358411
-1.097	0.6670897117770672
-1.096	0.6681324886337474
-1.095	0.6691751618605906
-1.0939999999999999	0.670217731110887
-1.093	0.6712601960365362
-1.092	0.6723025562879895
-1.091	0.6733448115142998
-1.0899999999999999	0.674386961363069
-1.089	0.6754290054804741
-1.088	0.6764709435112414
-1.087	0.6775127750986369
-1.0859999999999999	0.6785544998844838
-1.085	0.6795961175091169
-1.084	0.6806376276114328
-1.083	0.6816790298288145
-1.0819999999999999	0.6827203237971808
-1.081	0.6837615091509491
-1.08	0.6848025855230359
-1.079	0.6858435525448692
-1.0779999999999998	0.6868844098463369
-1.077	0.6879251570558295
-1.076	0.6889657938001854
-1.075	0.6900063197047361
-1.0739999999999998	0.6910467343932576
-1.073	0.6920870374879797
-1.072	0.6931272286095755
-1.071	0.6941673073771472
-1.07	0.6952072734082495
-1.069	0.6962471263188355
-1.068	0.6972868657232877
-1.067	0.6983264912343964
-1.066	0.6993660024633485
-1.065	0.7004053990197201
-1.064	0.7014446805114873
-1.063	0.7024838465449875
-1.062	0.7035228967249396
-1.061	0.7045618306544287
-1.06	0.7056006479348857
-1.059	0.706639348166098
-1.058	0.7076779309461955
-1.057	0.7087163958716229
-1.056	0.7097547425371746
-1.055	0.7107929705359518
-1.054	0.7118310794593541
-1.053	0.7128690688971083
-1.052	0.7139069384372154
-1.051	0.7149446876659626
-1.05	0.7159823161679255
-1.049	0.717019823525947
-1.048	0.718057209321127
-1.047	0.7190944731328174
-1.046	0.7201316145386305
-1.045	0.7211686331144
-1.044	0.7222055284342026
-1.043	0.7232423000703195
-1.042	0.7242789475932664
-1.041	0.7253154705717483
-1.04	0.7263518685726695
-1.039	0.7273881411611283
-1.038	0.7284242879003935
-1.037	0.7294603083519104
-1.036	0.7304962020752926
-1.035	0.7315319686282954
-1.034	0.7325676075668281
-1.033	0.7336031184449373
-1.032	0.7346385008147891
-1.031	0.7356737542266778
-1.03	0.7367088782290129
-1.029	0.7377438723682896
-1.028	0.7387787361891097
-1.027	0.7398134692341504
-1.026	0.7408480710441765
-1.025	0.7418825411580029
-1.024	0.7429168791125195
-1.023	0.7439510844426457
-1.022	0.7449851566813517
-1.021	0.7460190953596366
-1.02	0.7470529000065165
-1.019	0.7480865701490232
-1.018	0.7491201053121882
-1.017	0.7501535050190381
-1.016	0.7511867687905729
-1.015	0.7522198961457834
-1.014	0.7532528866016135
-1.013	0.7542857396729633
-1.012	0.7553184548726806
-1.011	0.7563510317115448
-1.01	0.7573834696982729
-1.009	0.7584157683394823
-1.008	0.7594479271397114
-1.0070000000000001	0.7604799456013835
-1.006	0.7615118232248177
-1.005	0.7625435595082072
-1.004	0.7635751539476101
-1.0030000000000001	0.7646066060369484
-1.002	0.7656379152679815
-1.001	0.7666690811303108
-1.	0.7677001031113722
-0.999	0.768730980696404
-0.998	0.7697617133684593
-0.997	0.770792300608382
-0.996	0.7718227418948101
-0.995	0.7728530367041563
-0.994	0.7738831845105864
-0.993	0.7749131847860273
-0.992	0.775943037000159
-0.991	0.7769727406203855
-0.99	0.7780022951118267
-0.989	0.77903169993733
-0.988	0.780060954557431
-0.987	0.7810900584303644
-0.986	0.782119011012039
-0.985	0.783147811756036
-0.984	0.7841764601135881
-0.983	0.785204955533579
-0.982	0.7862332974625286
-0.981	0.7872614853445786
-0.98	0.7882895186214823
-0.979	0.7893173967326008
-0.978	0.7903451191148818
-0.977	0.7913726852028505
-0.976	0.7924000944285998
-0.975	0.7934273462217827
-0.974	0.7944544400095929
-0.973	0.7954813752167632
-0.972	0.796508151265541
-0.971	0.797534767575688
-0.97	0.7985612235644564
-0.969	0.7995875186465974
-0.968	0.8006136522343256
-0.967	0.801639623737319
-0.966	0.8026654325627144
-0.965	0.8036910781150749
-0.964	0.8047165597964016
-0.963	0.8057418770060981
-0.962	0.8067670291409808
-0.961	0.807792015595245
-0.96	0.8088168357604731
-0.959	0.8098414890256017
-0.958	0.8108659747769303
-0.957	0.8118902923980928
-0.956	0.812914441270046
-0.955	0.8139384207710711
-0.954	0.8149622302767403
-0.953	0.8159858691599219
-0.952	0.8170093367907585
-0.951	0.8180326325366536
-0.95	0.8190557557622606
-0.949	0.8200787058294731
-0.948	0.8211014820974079
-0.947	0.8221240839223874
-0.946	0.8231465106579441
-0.945	0.824168761654778
-0.944	0.8251908362607734
-0.943	0.8262127338209612
-0.942	0.8272344536775262
-0.941	0.8282559951697792
-0.94	0.829277357634142
-0.939	0.8302985404041504
-0.938	0.8313195428104206
-0.9369999999999999	0.8323403641806442
-0.9359999999999999	0.8333610038395785
-0.9349999999999999	0.8343814611090296
-0.9339999999999999	0.8354017353078321
-0.9329999999999999	0.8364218257518363
-0.9319999999999999	0.8374417317539075
-0.9309999999999999	0.8384614526238962
-0.9299999999999999	0.8394809876686267
-0.9289999999999999	0.8405003361918871
-0.9279999999999999	0.8415194974944212
-0.9269999999999999	0.8425384708738921
-0.9259999999999999	0.8435572556248849
-0.9249999999999999	0.8445758510388964
-0.9239999999999999	0.8455942564043014
-0.9229999999999999	0.8466124710063572
-0.9219999999999999	0.8476304941271761
-0.9209999999999999	0.8486483250457133
-0.9199999999999999	0.8496659630377539
-0.9189999999999999	0.8506834073758969
-0.9179999999999999	0.8517006573295434
-0.9169999999999999	0.8527177121648691
-0.9159999999999999	0.8537345711448248
-0.915	0.8547512335291121
-0.9139999999999999	0.8557676985741677
-0.913	0.8567839655331498
-0.9119999999999999	0.857800033655926
-0.911	0.85881590218905
-0.9099999999999999	0.8598315703757456
-0.909	0.8608470374559025
-0.9079999999999999	0.8618623026660491
-0.907	0.8628773652393406
-0.9059999999999999	0.8638922244055348
-0.905	0.8649068793909953
-0.9039999999999999	0.8659213294186542
-0.903	0.8669355737080036
-0.902	0.8679496114750873
-0.901	0.8689634419324668
-0.9	0.8699770642892264
-0.899	0.8709904777509352
-0.898	0.8720036815196399
-0.897	0.8730166747938509
-0.896	0.874029456768524
-0.895	0.8750420266350413
-0.894	0.8760543835811846
-0.893	0.8770665267911398
-0.892	0.8780784554454626
-0.891	0.879090168721062
-0.89	0.8801016657911951
-0.889	0.8811129458254344
-0.888	0.8821240079896562
-0.887	0.8831348514460275
-0.886	0.884145475352984
-0.885	0.8851558788652084
-0.884	0.8861660611336188
-0.883	0.8871760213053476
-0.882	0.8881857585237213
-0.881	0.8891952719282464
-0.88	0.8902045606545885
-0.879	0.8912136238345566
-0.878	0.8922224605960771
-0.877	0.8932310700631855
-0.876	0.8942394513559953
-0.875	0.8952476035906916
-0.874	0.8962555258795064
-0.873	0.8972632173306945
-0.872	0.8982706770485285
-0.871	0.8992779041332597
-0.87	0.900284897681117
-0.869	0.9012916567842759
-0.868	0.902298180530848
-0.867	0.9033044680048495
-0.866	0.9043105182861914
-0.865	0.905316330450658
-0.864	0.906321903569885
-0.863	0.9073272367113331
-0.862	0.9083323289382853
-0.861	0.909337179309806
-0.86	0.9103417868807347
-0.859	0.9113461507016642
-0.858	0.9123502698189105
-0.857	0.9133541432745024
-0.856	0.9143577701061574
-0.855	0.9153611493472575
-0.854	0.916364280026833
-0.853	0.9173671611695401
-0.852	0.9183697917956344
-0.851	0.9193721709209597
-0.85	0.9203742975569179
-0.849	0.9213761707104519
-0.848	0.9223777893840189
-0.847	0.9233791525755759
-0.846	0.9243802592785535
-0.845	0.9253811084818329
-0.844	0.9263816991697287
-0.843	0.9273820303219591
-0.842	0.9283821009136274
-0.841	0.9293819099152063
-0.84	0.9303814562925048
-0.839	0.9313807390066475
-0.838	0.9323797570140575
-0.837	0.9333785092664283
-0.836	0.9343769947107033
-0.835	0.9353752122890528
-0.834	0.9363731609388457
-0.833	0.9373708395926366
-0.832	0.9383682471781266
-0.831	0.9393653826181576
-0.83	0.9403622448306773
-0.829	0.9413588327287146
-0.828	0.9423551452203625
-0.827	0.9433511812087467
-0.826	0.9443469395920121
-0.825	0.9453424192632832
-0.824	0.9463376191106503
-0.823	0.9473325380171438
-0.822	0.948327174860708
-0.821	0.9493215285141757
-0.82	0.9503155978452414
-0.819	0.9513093817164413
-0.818	0.9523028789851217
-0.817	0.9532960885034237
-0.816	0.9542890091182435
-0.815	0.9552816396712203
-0.814	0.9562739789986986
-0.813	0.9572660259317128
-0.8119999999999999	0.9582577792959533
-0.8109999999999999	0.9592492379117487
-0.8099999999999999	0.9602404005940289
-0.8089999999999999	0.9612312661523055
-0.8079999999999999	0.9622218333906459
-0.8069999999999999	0.9632121011076388
-0.8059999999999999	0.9642020680963808
-0.8049999999999999	0.965191733144437
-0.8039999999999999	0.9661810950338167
-0.8029999999999999	0.9671701525409513
-0.8019999999999999	0.9681589044366613
-0.8009999999999999	0.9691473494861325
-0.8	0.9701354864488849
-0.7989999999999999	0.9711233140787475
-0.798	0.9721108311238258
-0.7969999999999999	0.9730980363264847
-0.796	0.9740849284233046
-0.7949999999999999	0.9750715061450644
-0.794	0.9760577682167106
-0.7929999999999999	0.9770437133573242
-0.792	0.9780293402800989
-0.7909999999999999	0.9790146476923054
-0.79	0.9799996342952645
-0.7889999999999999	0.9809842987843197
-0.788	0.9819686398488072
-0.7869999999999999	0.9829526561720237
-0.786	0.9839363464311979
-0.7849999999999999	0.9849197092974605
-0.784	0.9859027434358155
-0.7829999999999999	0.9868854475051073
-0.782	0.9878678201579938
-0.7809999999999999	0.9888498600409144
-0.78	0.9898315657940523
-0.7789999999999999	0.9908129360513183
-0.778	0.991793969440306
-0.7769999999999999	0.9927746645822676
-0.776	0.99375502009208
-0.7749999999999999	0.9947350345782133
-0.774	0.9957147066427006
-0.7729999999999999	0.9966940348811076
-0.772	0.9976730178824917
-0.7709999999999999	0.9986516542293838
-0.77	0.9996299424977442
-0.7689999999999999	1.0006078812569317
-0.768	1.0015854690696782
-0.767	1.0025627044920502
-0.766	1.0035395860734118
-0.765	1.0045161123564006
-0.764	1.0054922818768885
-0.763	1.0064680931639471
-0.762	1.0074435447398198
-0.761	1.0084186351198796
-0.76	1.0093933628126022
-0.759	1.0103677263195303
-0.758	1.0113417241352318
-0.757	1.012315354747278
-0.756	1.0132886166361954
-0.755	1.0142615082754414
-0.754	1.0152340281313625
-0.753	1.0162061746631603
-0.752	1.017177946322858
-0.751	1.0181493415552614
-0.75	1.0191203587979258
-0.749	1.0200909964811191
-0.748	1.0210612530277812
-0.747	1.0220311268534954
-0.746	1.023000616366445
-0.745	1.0239697199673785
-0.744	1.0249384360495732
-0.743	1.025906762998798
-0.742	1.0268746991932725
-0.741	1.0278422430036342
-0.74	1.0288093927928954
-0.739	1.0297761469164108
-0.738	1.0307425037218352
-0.737	1.031708461549082
-0.736	1.0326740187302939
-0.735	1.0336391735897952
-0.734	1.0346039244440537
-0.733	1.0355682696016475
-0.732	1.0365322073632186
-0.731	1.037495736021434
-0.73	1.03845885386095
-0.729	1.0394215591583686
-0.728	1.040383850182197
-0.727	1.041345725192806
-0.726	1.0423071824423942
-0.725	1.0432682201749384
-0.724	1.0442288366261627
-0.723	1.0451890300234847
-0.722	1.0461487985859867
-0.721	1.047108140524365
-0.72	1.048067054040887
-0.719	1.0490255373293558
-0.718	1.0499835885750617
-0.717	1.0509412059547418
-0.716	1.051898387636533
-0.715	1.0528551317799362
-0.714	1.0538114365357654
-0.713	1.0547673000461066
-0.712	1.0557227204442734
-0.711	1.0566776958547643
-0.71	1.0576322243932157
-0.709	1.0585863041663603
-0.708	1.0595399332719746
-0.707	1.060493109798843
-0.706	1.06144583182671
-0.705	1.062398097426226
-0.704	1.063349904658914
-0.703	1.0643012515771153
-0.702	1.0652521362239413
-0.701	1.0662025566332347
-0.7	1.0671525108295166
-0.699	1.068101996827938
-0.698	1.0690510126342394
-0.697	1.0699995562446936
-0.696	1.0709476256460644
-0.695	1.071895218815558
-0.694	1.0728423337207684
-0.693	1.0737889683196364
-0.692	1.0747351205603959
-0.691	1.0756807883815223
-0.69	1.0766259697116902
-0.689	1.0775706624697179
-0.688	1.078514864564516
-0.687	1.0794585738950422
-0.6859999999999999	1.0804017883502464
-0.685	1.0813445058090203
-0.6839999999999999	1.0822867241401481
-0.683	1.0832284412022521
-0.6819999999999999	1.084169654843744
-0.681	1.0851103629027679
-0.6799999999999999	1.0860505632071544
-0.679	1.0869902535743614
-0.6779999999999999	1.0879294318114239
-0.677	1.0888680957149028
-0.6759999999999999	1.0898062430708277
-0.675	1.0907438716546443
-0.6739999999999999	1.0916809792311613
-0.673	1.0926175635544935
-0.6719999999999999	1.0935536223680096
-0.671	1.0944891534042744
-0.6699999999999999	1.095424154384997
-0.669	1.09635862302097
-0.6679999999999999	1.0972925570120189
-0.667	1.0982259540469415
-0.6659999999999999	1.099158811803454
-0.665	1.1000911279481314
-0.6639999999999999	1.1010229001363536
-0.663	1.1019541260122439
-0.6619999999999999	1.1028848032086145
-0.661	1.1038149293469075
-0.6599999999999999	1.1047445020371327
-0.659	1.1056735188778137
-0.6579999999999999	1.1066019774559281
-0.657	1.1075298753468423
-0.6559999999999999	1.1084572101142605
-0.655	1.1093839793101543
-0.6539999999999999	1.1103101804747137
-0.653	1.1112358111362743
-0.6519999999999999	1.112160868811266
-0.651	1.1130853510041447
-0.6499999999999999	1.1140092552073335
-0.649	1.114932578901161
-0.6479999999999999	1.1158553195537961
-0.647	1.1167774746211863
-0.6459999999999999	1.1176990415469963
-0.645	1.1186200177625405
-0.6439999999999999	1.1195404006867207
-0.643	1.1204601877259646
-0.6419999999999999	1.121379376274155
-0.641	1.1222979637125714
-0.6399999999999999	1.1232159474098193
-0.639	1.1241333247217664
-0.6379999999999999	1.1250500929914762
-0.637	1.1259662495491414
-0.6359999999999999	1.126881791712018
-0.635	1.1277967167843541
-0.6339999999999999	1.1287110220573284
-0.633	1.1296247048089763
-0.6319999999999999	1.1305377623041244
-0.631	1.1314501917943212
-0.6299999999999999	1.132361990517766
-0.629	1.1332731556992424
-0.6279999999999999	1.134183684550047
-0.627	1.135093574267916
-0.6259999999999999	1.136002822036959
-0.625	1.1369114250275851
-0.624	1.1378193803964303
-0.623	1.1387266852862898
-0.622	1.1396333368260403
-0.621	1.1405393321305688
-0.62	1.1414446683007007
-0.619	1.1423493424231266
-0.618	1.1432533515703232
-0.617	1.1441566928004852
-0.616	1.1450593631574462
-0.615	1.1459613596706033
-0.614	1.1468626793548455
-0.613	1.14776331921047
-0.612	1.148663276223112
-0.611	1.1495625473636657
-0.61	1.1504611295882041
-0.609	1.1513590198379038
-0.608	1.152256215038967
-0.607	1.1531527121025391
-0.606	1.1540485079246328
-0.605	1.1549435993860457
-0.604	1.1558379833522812
-0.603	1.1567316566734671
-0.602	1.1576246161842774
-0.601	1.158516858703844
-0.6	1.1594083810356803
-0.599	1.160299179967597
-0.598	1.1611892522716178
-0.597	1.1620785947038963
-0.596	1.162967204004633
-0.595	1.1638550768979878
-0.594	1.1647422100919993
-0.593	1.165628600278495
-0.592	1.1665142441330068
-0.591	1.167399138314686
-0.59	1.1682832794662132
-0.589	1.1691666642137124
-0.588	1.1700492891666627
-0.587	1.1709311509178104
-0.586	1.1718122460430784
-0.585	1.1726925711014775
-0.584	1.173572122635015
-0.583	1.1744508971686054
-0.582	1.17532889120998
-0.581	1.176206101249591
-0.58	1.1770825237605238
-0.579	1.1779581551984017
-0.578	1.1788329920012937
-0.577	1.1797070305896173
-0.576	1.1805802673660508
-0.575	1.1814526987154297
-0.574	1.1823243210046575
-0.573	1.1831951305826072
-0.572	1.1840651237800248
-0.571	1.1849342969094316
-0.57	1.1858026462650257
-0.569	1.1866701681225866
-0.568	1.1875368587393706
-0.567	1.1884027143540177
-0.566	1.1892677311864457
-0.565	1.1901319054377535
-0.564	1.1909952332901177
-0.563	1.1918577109066895
-0.5619999999999999	1.192719334431495
-0.5609999999999999	1.1935800999893285
-0.5599999999999999	1.1944400036856535
-0.5589999999999999	1.1952990416064921
-0.558	1.1961572098183244
-0.5569999999999999	1.1970145043679812
-0.556	1.1978709212825387
-0.5549999999999999	1.1987264565692095
-0.554	1.199581106215235
-0.5529999999999999	1.200434866187783
-0.552	1.2012877324338276
-0.5509999999999999	1.2021397008800512
-0.55	1.2029907674327265
-0.5489999999999999	1.203840927977609
-0.548	1.204690178379825
-0.5469999999999999	1.2055385144837596
-0.546	1.2063859321129402
-0.5449999999999999	1.2072324270699313
-0.544	1.20807799513621
-0.5429999999999999	1.2089226320720583
-0.542	1.2097663336164457
-0.5409999999999999	1.2106090954869122
-0.54	1.2114509133794495
-0.5389999999999999	1.2122917829683888
-0.538	1.2131316999062747
-0.5369999999999999	1.213970659823753
-0.536	1.214808658329447
-0.5349999999999999	1.215645691009838
-0.534	1.2164817534291437
-0.5329999999999999	1.2173168411291955
-0.532	1.2181509496293177
-0.5309999999999999	1.218984074426202
-0.53	1.2198162109937831
-0.5289999999999999	1.2206473547831158
-0.528	1.221477501222247
-0.5269999999999999	1.2223066457160903
-0.526	1.2231347836462962
-0.5249999999999999	1.2239619103711281
-0.524	1.2247880212253315
-0.5229999999999999	1.2256131115200015
-0.522	1.226437176542457
-0.5209999999999999	1.2272602115561067
-0.52	1.2280822118003156
-0.5189999999999999	1.2289031724902786
-0.518	1.2297230888168769
-0.5169999999999999	1.2305419559465516
-0.516	1.2313597690211646
-0.5149999999999999	1.2321765231578632
-0.514	1.232992213448943
-0.5129999999999999	1.2338068349617113
-0.512	1.234620382738345
-0.5109999999999999	1.2354328517957545
-0.51	1.236244237125442
-0.5089999999999999	1.2370545336933596
-0.508	1.2378637364397673
-0.5069999999999999	1.2386718402790913
-0.506	1.2394788400997772
-0.5049999999999999	1.240284730764149
-0.504	1.2410895071082595
-0.5029999999999999	1.2418931639417468
-0.502	1.2426956960476843
-0.5009999999999999	1.243497098182434
-0.4999999999999999	1.2442973650754965
-0.499	1.245096491429359
-0.49799999999999994	1.245894471919349
-0.4969999999999999	1.2466913011934748
-0.496	1.2474869738722785
-0.495	1.2482814845486805
-0.494	1.2490748277878208
-0.493	1.2498669981269093
-0.492	1.2506579900750614
-0.491	1.2514477981131482
-0.49	1.2522364166936293
-0.489	1.2530238402403995
-0.48799999999999993	1.2538100631486244
-0.487	1.2545950797845777
-0.486	1.2553788844854818
-0.485	1.25616147155934
-0.484	1.2569428352847738
-0.483	1.2577229699108567
-0.482	1.2585018696569448
-0.481	1.259279528712511
-0.48	1.260055941236976
-0.47900000000000004	1.2608311013595355
-0.478	1.2616050031789912
-0.477	1.2623776407635774
-0.476	1.2631490081507863
-0.475	1.263919099347197
-0.474	1.264687908328294
-0.473	1.2654554290382969
-0.472	1.2662216553899772
-0.47100000000000003	1.2669865812644807
-0.47000000000000003	1.2677502005111487
-0.469	1.2685125069473353
-0.46799999999999997	1.2692734943582251
-0.46699999999999997	1.2700331564966487
-0.46599999999999997	1.2707914870828991
-0.4649999999999999	1.2715484798045458
-0.46399999999999997	1.2723041283162446
-0.46299999999999997	1.2730584262395543
-0.46199999999999997	1.2738113671627422
-0.4609999999999999	1.2745629446405955
-0.45999999999999996	1.2753131521942294
-0.4589999999999999	1.2760619833108926
-0.4579999999999999	1.2768094314437748
-0.45699999999999996	1.2775554900118073
-0.45599999999999996	1.2783001523994706
-0.45499999999999996	1.2790434119565923
-0.45399999999999996	1.27978526199815
-0.453	1.2805256958040685
-0.45199999999999996	1.2812647066190193
-0.45099999999999996	1.282002287652215
-0.45	1.282738432077208
-0.44899999999999995	1.283473133031681
-0.4479999999999999	1.2842063836172428
-0.44699999999999995	1.2849381768992143
-0.44599999999999995	1.285668505906426
-0.44499999999999995	1.2863973636309995
-0.4439999999999999	1.2871247430281392
-0.44299999999999995	1.2878506370159164
-0.44199999999999995	1.2885750384750536
-0.44099999999999995	1.2892979402487077
-0.4399999999999999	1.2900193351422529
-0.43899999999999995	1.2907392159230588
-0.43799999999999994	1.291457575320271
-0.43699999999999994	1.2921744060245883
-0.43599999999999994	1.2928897006880367
-0.43499999999999994	1.293603451923746
-0.43399999999999994	1.2943156523057233
-0.43299999999999994	1.295026294368621
-0.43199999999999994	1.2957353706075116
-0.43099999999999994	1.2964428734776523
-0.42999999999999994	1.2971487953942553
-0.42899999999999994	1.2978531287322495
-0.42799999999999994	1.298555865826049
-0.427	1.2992569989693115
-0.426	1.2999565204147023
-0.425	1.3006544223736525
-0.424	1.3013506970161155
-0.423	1.302045336470325
-0.422	1.3027383328225495
-0.421	1.303429678116845
-0.42	1.3041193643548057
-0.419	1.3048073834953142
-0.418	1.3054937274542906
-0.4169999999999999	1.306178388104438
-0.416	1.3068613572749872
-0.415	1.3075426267514405
-0.414	1.3082221882753127
-0.413	1.3089000335438716
-0.412	1.3095761542098747
-0.411	1.3102505418813073
-0.41	1.310923188121115
-0.409	1.3115940844469394
-0.408	1.3122632223308464
-0.407	1.3129305931990576
-0.40599999999999997	1.3135961884316762
-0.40499999999999997	1.3142599993624142
-0.40399999999999997	1.3149220172783154
-0.40299999999999997	1.3155822334194789
-0.40199999999999997	1.3162406389787773
-0.40099999999999997	1.3168972251015774
-0.39999999999999997	1.3175519828854545
-0.39899999999999997	1.3182049033799101
-0.39799999999999996	1.3188559775860818
-0.39699999999999996	1.3195051964564557
-0.39599999999999996	1.3201525508945766
-0.39499999999999996	1.320798031754752
-0.39399999999999996	1.3214416298417617
-0.393	1.3220833359105562
-0.39199999999999996	1.3227231406659623
-0.39099999999999996	1.3233610347623794
-0.38999999999999996	1.3239970088034783
-0.38899999999999996	1.324631053341896
-0.38799999999999996	1.3252631588789299
-0.38699999999999996	1.3258933158642292
-0.3859999999999999	1.3265215146954814
-0.38499999999999995	1.3271477457181027
-0.38399999999999995	1.3277719992249226
-0.38299999999999995	1.3283942654558651
-0.38199999999999995	1.329014534597632
-0.38099999999999995	1.3296327967833792
-0.37999999999999995	1.3302490420923967
-0.37899999999999995	1.33086326054978
-0.378	1.3314754421261044
-0.37699999999999995	1.332085576737094
-0.376	1.3326936542432917
-0.375	1.3332996644497221
-0.374	1.3339035971055586
-0.373	1.3345054419037814
-0.372	1.3351051884808407
-0.371	1.3357028264163078
-0.37	1.3362983452325359
-0.369	1.3368917343943092
-0.368	1.3374829833084942
-0.367	1.3380720813236842
-0.366	1.3386590177298507
-0.365	1.33924378175798
-0.364	1.3398263625797195
-0.363	1.340406749307012
-0.362	1.3409849309917332
-0.361	1.3415608966253256
-0.36	1.3421346351384287
-0.359	1.3427061354005085
-0.358	1.3432753862194828
-0.357	1.3438423763413456
-0.356	1.3444070944497888
-0.355	1.344969529165819
-0.354	1.345529669047376
-0.353	1.3460875025889452
-0.352	1.3466430182211697
-0.351	1.3471962043104577
-0.35	1.347747049158588
-0.349	1.3482955410023167
-0.348	1.3488416680129742
-0.347	1.3493854182960652
-0.346	1.349926779890864
-0.345	1.3504657407700085
-0.344	1.3510022888390876
-0.34299999999999997	1.3515364119362305
-0.34199999999999997	1.3520680978316924
-0.34099999999999997	1.3525973342274347
-0.33999999999999997	1.3531241087567052
-0.33899999999999997	1.3536484089836145
-0.33799999999999997	1.3541702224027108
-0.33699999999999997	1.3546895364385494
-0.33599999999999997	1.3552063384452608
-0.33499999999999996	1.3557206157061192
-0.33399999999999996	1.3562323554331006
-0.33299999999999996	1.3567415447664455
-0.33199999999999996	1.3572481707742152
-0.33099999999999996	1.357752220451845
-0.32999999999999996	1.3582536807216965
-0.32899999999999996	1.3587525384326045
-0.32799999999999996	1.3592487803594233
-0.32699999999999996	1.3597423932025694
-0.32599999999999996	1.3602333635875583
-0.32499999999999996	1.3607216780645435
-0.32399999999999995	1.3612073231078492
-0.32299999999999995	1.3616902851155006
-0.32199999999999995	1.362170550408751
-0.32099999999999995	1.362648105231606
-0.31999999999999995	1.3631229357503454
-0.31899999999999995	1.3635950280530413
-0.31799999999999995	1.3640643681490727
-0.31699999999999995	1.3645309419686387
-0.31599999999999995	1.3649947353622656
-0.31499999999999995	1.365455734100315
-0.31399999999999995	1.3659139238724838
-0.31299999999999994	1.3663692902873075
-0.31199999999999994	1.3668218188716517
-0.31099999999999994	1.3672714950702103
-0.30999999999999994	1.367718304244992
-0.30899999999999994	1.3681622316748085
-0.30799999999999994	1.3686032625547573
-0.30699999999999994	1.3690413819957044
-0.30599999999999994	1.3694765750237576
-0.30499999999999994	1.369908826579744
-0.30399999999999994	1.3703381215186783
-0.30299999999999994	1.3707644446092306
-0.30199999999999994	1.3711877805331918
-0.30099999999999993	1.3716081138849325
-0.29999999999999993	1.3720254291708611
-0.2989999999999999	1.3724397108088786
-0.2979999999999999	1.3728509431278275
-0.29699999999999993	1.3732591103669418
-0.29599999999999993	1.3736641966752903
-0.2949999999999999	1.3740661861112138
-0.2939999999999999	1.374465062641768
-0.29299999999999987	1.374860810142154
-0.2919999999999999	1.3752534123951494
-0.29099999999999987	1.375642853090536
-0.2899999999999999	1.376029115824523
-0.2889999999999999	1.3764121840991674
-0.2879999999999999	1.3767920413217916
-0.287	1.3771686708043962
-0.286	1.3775420557630698
-0.28500000000000003	1.3779121793173958
-0.284	1.378279024489857
-0.28300000000000003	1.3786425742052328
-0.28200000000000003	1.3790028112899977
-0.28099999999999997	1.3793597184717123
-0.27999999999999997	1.379713278378414
-0.27899999999999997	1.3800634735380024
-0.27799999999999997	1.3804102863776222
-0.27699999999999997	1.3807536992230414
-0.27599999999999997	1.3810936942980263
-0.275	1.3814302537237158
-0.27399999999999997	1.3817633595179877
-0.27299999999999996	1.3820929935948254
-0.272	1.3824191377636788
-0.271	1.3827417737288221
-0.26999999999999996	1.3830608830887106
-0.26899999999999996	1.3833764473353296
-0.2679999999999999	1.383688447853543
-0.26699999999999996	1.3839968659204398
-0.26599999999999996	1.3843016827046717
-0.26499999999999996	1.384602879265795
-0.26399999999999996	1.3849004365536002
-0.26299999999999996	1.3851943354074474
-0.2619999999999999	1.3854845565555902
-0.261	1.3857710806145027
-0.25999999999999995	1.3860538880881983
-0.25899999999999995	1.386332959367549
-0.258	1.3866082747295971
-0.2569999999999999	1.3868798143368692
-0.2559999999999999	1.3871475582366817
-0.255	1.3874114863604459
-0.254	1.3876715785229692
-0.253	1.3879278144217533
-0.25200000000000006	1.3881801736362882
-0.251	1.3884286356273452
-0.25	1.3886731797362646
-0.24899999999999997	1.3889137851842408
-0.248	1.3891504310716059
-0.24699999999999994	1.3893830963771077
-0.246	1.389611759957188
-0.24499999999999997	1.3898364005452548
-0.244	1.3900569967509513
-0.243	1.3902735270594282
-0.24200000000000002	1.3904859698306038
-0.24099999999999996	1.3906943032984294
-0.24	1.3908985055701473
-0.23899999999999996	1.3910985546255463
-0.23799999999999993	1.39129442831622
-0.23699999999999996	1.3914861043648141
-0.23599999999999993	1.391673560364277
-0.23499999999999996	1.3918567737771066
-0.23399999999999993	1.392035721934596
-0.23299999999999998	1.3922103820360718
-0.23199999999999998	1.392380731148138
-0.23099999999999998	1.39254674620391
-0.22999999999999995	1.3927084040022524
-0.22899999999999995	1.392865681207012
-0.22799999999999995	1.3930185543462474
-0.22699999999999992	1.3931669998114622
-0.22599999999999995	1.3933109938568293
-0.22499999999999998	1.3934505125984196
-0.224	1.3935855320134245
-0.22299999999999998	1.3937160279393817
-0.22199999999999998	1.3938419760733958
-0.22099999999999997	1.3939633519713557
-0.21999999999999997	1.3940801310471598
-0.219	1.3941922885719304
-0.21799999999999997	1.3942997996732314
-0.21699999999999997	1.3944026393342852
-0.216	1.3945007823931899
-0.21499999999999994	1.3945942035421328
-0.214	1.3946828773266056
-0.21299999999999994	1.3947667781446205
-0.21199999999999994	1.394845880245922
-0.21099999999999997	1.3949201577312063
-0.21	1.39498958455133
-0.20899999999999994	1.39505413450653
-0.20799999999999996	1.3951137812456362
-0.207	1.395168498265289
-0.20599999999999993	1.395218258909157
-0.205	1.3952630363671554
-0.20399999999999996	1.3953028036746633
-0.20299999999999993	1.395337533711747
-0.20199999999999999	1.3953671992023824
-0.20099999999999996	1.3953917727136778
-0.19999999999999993	1.395411226655103
-0.19899999999999998	1.3954255332777163
-0.19799999999999993	1.3954346646733964
-0.19699999999999998	1.3954385927740782
-0.19599999999999992	1.3954372893509874
-0.19499999999999998	1.3954307260138836
-0.19399999999999995	1.3954188742103042
-0.19299999999999998	1.3954017052248098
-0.19199999999999998	1.3953791901782422
-0.19099999999999992	1.395351300026975
-0.18999999999999992	1.3953180055621786
-0.18899999999999995	1.3952792774090845
-0.18799999999999994	1.3952350860262615
-0.18699999999999994	1.3951854017048875
-0.18599999999999997	1.3951301945680383
-0.18499999999999994	1.395069434569974
-0.18399999999999994	1.3950030914954386
-0.18299999999999994	1.3949311349589617
-0.1819999999999999	1.394853534404174
-0.1809999999999999	1.3947702591031226
-0.17999999999999994	1.3946812781556013
-0.17899999999999996	1.3945865604884884
-0.17799999999999994	1.3944860748550905
-0.17699999999999996	1.3943797898345003
-0.1759999999999999	1.3942676738309625
-0.17499999999999996	1.3941496950732495
-0.17400000000000002	1.3940258216140504
-0.17300000000000001	1.3938960213293712
-0.17199999999999996	1.393760261917944
-0.17099999999999999	1.3936185109006558
-0.16999999999999998	1.393470735619985
-0.16899999999999998	1.3933169032394508
-0.168	1.3931569807430841
-0.167	1.3929909349349074
-0.166	1.3928187324384311
-0.16499999999999995	1.392640339696172
-0.16399999999999998	1.3924557229691776
-0.16299999999999998	1.3922648483365831
-0.16199999999999995	1.3920676816951736
-0.161	1.391864188758973
-0.15999999999999998	1.3916543350588533
-0.159	1.391438085942159
-0.158	1.3912154065723576
-0.15699999999999995	1.3909862619287163
-0.15599999999999994	1.3907506168059924
-0.15499999999999994	1.3905084358141575
-0.15399999999999994	1.39025968337814
-0.153	1.3900043237375965
-0.15199999999999994	1.3897423209467155
-0.15099999999999994	1.3894736388740387
-0.15	1.3891982412023187
-0.149	1.388916091428406
-0.14799999999999996	1.3886271528631686
-0.14699999999999996	1.3883313886314381
-0.14599999999999996	1.388028761671998
-0.14499999999999996	1.387719234737598
-0.144	1.3874027703950138
-0.14299999999999996	1.3870793310251353
-0.142	1.3867488788230997
-0.14099999999999996	1.3864113757984633
-0.13999999999999996	1.3860667837754121
-0.13899999999999996	1.3857150643930178
-0.13799999999999996	1.3853561791055398
-0.13699999999999993	1.384990089182764
-0.13599999999999998	1.3846167557104054
-0.13499999999999995	1.3842361395905451
-0.13399999999999992	1.3838482015421207
-0.13299999999999992	1.383452902101476
-0.13199999999999998	1.383050201622959
-0.13099999999999992	1.3826400602795754
-0.12999999999999995	1.3822224380637074
-0.12899999999999995	1.3817972947878783
-0.12799999999999997	1.381364590085594
-0.12699999999999992	1.38092428341224
-0.12599999999999997	1.3804763340460457
-0.12499999999999997	1.3800207010891148
-0.12399999999999993	1.3795573434685324
-0.12299999999999994	1.3790862199375382
-0.12199999999999993	1.378607289076774
-0.12099999999999993	1.378120509295618
-0.11999999999999994	1.3776258388335874
-0.11899999999999994	1.377123235761829
-0.11799999999999995	1.376612657984696
-0.11699999999999997	1.3760940632414094
-0.11599999999999995	1.375567409107813
-0.11499999999999995	1.375032652998219
-0.11399999999999995	1.3744897521673527
-0.11299999999999992	1.3739386637123947
-0.11199999999999997	1.373379344575126
-0.11099999999999997	1.3728117515441831
-0.11	1.3722358412574132
-0.10899999999999997	1.3716515702043552
-0.10799999999999996	1.3710588947288211
-0.10699999999999997	1.3704577710316144
-0.10599999999999996	1.3698481551733575
-0.10499999999999997	1.3692300030774553
-0.104	1.3686032705331876
-0.10299999999999997	1.3679679131989364
-0.10199999999999998	1.3673238866055548
-0.10099999999999999	1.366671146159877
-0.1	1.3660096471483822
-0.09899999999999998	1.365339344741005
-0.09799999999999999	1.3646601939951077
-0.09699999999999999	1.3639721498596176
-0.096	1.3632751671793248
-0.095	1.362569200699359
-0.09399999999999997	1.3618542050698452
-0.09299999999999996	1.361130134850735
-0.09199999999999998	1.3603969445168393
-0.09099999999999994	1.3596545884630433
-0.08999999999999997	1.3589030210097324
-0.08899999999999998	1.3581421964084204
-0.08799999999999997	1.3573720688475925
-0.08699999999999994	1.3565925924587654
-0.08599999999999998	1.3558037213227805
-0.08499999999999998	1.3550054094763209
-0.08399999999999994	1.354197610918677
-0.08299999999999995	1.3533802796187608
-0.08199999999999999	1.352553369522362
-0.08099999999999997	1.3517168345596835
-0.07999999999999996	1.350870628653137
-0.07899999999999997	1.3500147057254237
-0.07799999999999997	1.3491490197078952
-0.07699999999999999	1.348273524549216
-0.07599999999999998	1.3473881742243314
-0.07499999999999998	1.3464929227437412
-0.07399999999999995	1.345587724163104
-0.07299999999999997	1.3446725325931728
-0.07199999999999995	1.3437473022100694
-0.07099999999999997	1.3428119872659177
-0.06999999999999997	1.3418665420998332
-0.06899999999999992	1.3409109211492916
-0.06799999999999996	1.3399450789618785
-0.06699999999999992	1.3389689702074403
-0.06599999999999998	1.3379825496906366
-0.06499999999999996	1.3369857723639211
-0.06399999999999997	1.3359785933409434
-0.06299999999999997	1.3349609679104064
-0.06199999999999997	1.3339328515503794
-0.06099999999999995	1.332894199943075
-0.059999999999999915	1.3318449689901213
-0.05899999999999993	1.3307851148283296
-0.05799999999999993	1.3297145938459718
-0.05699999999999994	1.3286333626995934
-0.05599999999999991	1.3275413783313685
-0.05499999999999991	1.3264385979870101
-0.05399999999999994	1.3253249792342654
-0.05299999999999994	1.3242004799819922
-0.05199999999999995	1.3230650584998587
-0.050999999999999955	1.321918673438658
-0.049999999999999926	1.320761283851275
-0.048999999999999905	1.3195928492143187
-0.04799999999999992	1.3184133294504277
-0.046999999999999965	1.3172226849512891
-0.04599999999999998	1.3160208766013732
-0.04499999999999996	1.314807865802411
-0.04399999999999997	1.313583614498638
-0.04299999999999997	1.3123480852028215
-0.041999999999999996	1.311101241023094
-0.04099999999999997	1.3098430456906178
-0.03999999999999999	1.3085734635881057
-0.038999999999999965	1.3072924597792122
-0.03799999999999997	1.3060000000388317
-0.03699999999999999	1.3046960508843195
-0.03599999999999999	1.303380579607668
-0.034999999999999955	1.3020535543086575
-0.033999999999999975	1.3007149439290158
-0.03299999999999999	1.2993647182876082
-0.031999999999999994	1.2980028481166876
-0.03099999999999999	1.2966293050992357
-0.029999999999999964	1.2952440619074248
-0.028999999999999984	1.2938470922422238
-0.02799999999999997	1.2924383708741896
-0.02699999999999998	1.2910178736854674
-0.02599999999999997	1.289585577713034
-0.024999999999999946	1.28814146119322
-0.023999999999999983	1.2866855036075424
-0.022999999999999982	1.2852176857298772
-0.021999999999999943	1.2837379896750183
-0.020999999999999963	1.2822463989486461
-0.01999999999999998	1.2807428984987528
-0.01899999999999994	1.279227474768551
-0.01799999999999995	1.277700115750913
-0.01699999999999998	1.2761608110443745
-0.01599999999999997	1.274609551910741
-0.014999999999999963	1.2730463313343434
-0.013999999999999981	1.2714711440829687
-0.01299999999999994	1.269883986770529
-0.011999999999999953	1.2682848579214885
-0.01099999999999993	1.2666737580371077
-0.009999999999999957	1.265050689663537
-0.008999999999999932	1.263415657461807
-0.007999999999999969	1.2617686682797689
-0.006999999999999967	1.260109731226007
-0.0059999999999999455	1.2584388577457974
-0.004999999999999944	1.2567560616991333
-0.003999999999999939	1.2550613594408804
-0.0029999999999999315	1.253354769903101
-0.00199999999999994	1.2516363146795955
-0.0009999999999999224	1.2499060181127069
9.64327466553287e-17	1.248163907382441
0.001000000000000073	1.246410012597941
0.0020000000000000265	1.2446443668913783
0.003000000000000102	1.242867006514288
0.004000000000000041	1.2410779709364188
0.005000000000000029	1.2392773029471207
0.006000000000000035	1.2374650487593473
0.0070000000000000505	1.2356412581162857
0.00800000000000007	1.2338059844006943
0.009000000000000093	1.2319592847469676
0.01000000000000008	1.2301012201559907
0.011000000000000018	1.228231855612817
0.01200000000000011	1.2263512602072235
0.01300000000000006	1.2244595072571776
0.014000000000000077	1.222556674435258
0.01500000000000003	1.220642843898072
0.016000000000000035	1.2187181024187095
0.017000000000000046	1.2167825415222624
0.018000000000000033	1.2148362576244518
0.019	1.2128793521733878
0.02000000000000003	1.2109119317944994
0.021000000000000005	1.208934108438653
0.022000000000000058	1.2069459995334877
0.022999999999999975	1.204947728137991
0.024	1.2029394231003205
0.025	1.2009212192188936
0.026000000000000054	1.1988932574067546
0.027000000000000027	1.1968556848592153
0.028000000000000042	1.1948086552247716
0.02900000000000002	1.1927523287792932
0.03	1.1906868726034656
0.031000000000000014	1.1886124607634698
0.03200000000000002	1.1865292744948812
0.03300000000000001	1.1844375023897353
0.034000000000000016	1.182337340586738
0.03500000000000001	1.18022899296457
0.03600000000000001	1.1781126713382097
0.03700000000000006	1.1759885956582332
0.038000000000000034	1.1738569942129882
0.039000000000000035	1.1717181038335798
0.04000000000000003	1.169572170101542
0.04100000000000001	1.1674194475591118
0.04200000000000001	1.165260199921951
0.04300000000000007	1.1630947002942147
0.04400000000000006	1.1609232313857811
0.04500000000000007	1.158746085731497
0.046000000000000055	1.1565635659122535
0.047000000000000014	1.1543759847776929
0.04800000000000001	1.1521836656703228
0.04900000000000005	1.1499869426508254
0.05000000000000005	1.147786160724284
0.05100000000000006	1.1455816760670796
0.05200000000000004	1.1433738562541373
0.053000000000000005	1.141163080486239
0.054	1.1389497398170374
0.055000000000000014	1.1367342373794362
0.05600000000000001	1.1345169886109245
0.057000000000000044	1.1322984214774892
0.05800000000000002	1.1300789766956378
0.05900000000000007	1.1278591079520939
0.060000000000000026	1.1256392821206618
0.06100000000000001	1.1234199794757487
0.06200000000000003	1.1212016939019944
0.063	1.1189849330994306
0.06400000000000007	1.116770218783567
0.06500000000000003	1.1145580868797602
0.06600000000000003	1.1123490877111966
0.067	1.1101437861797887
0.06800000000000009	1.1079427619392428
0.06900000000000002	1.1057466095595423
0.07000000000000008	1.103555938682034
0.07100000000000006	1.1013713741642837
0.07200000000000004	1.0991935562138493
0.07300000000000001	1.0970231405100481
0.07400000000000004	1.0948607983128085
0.07500000000000002	1.092707216557631
0.07600000000000003	1.0905630979356629
0.07700000000000003	1.0884291609578742
0.07800000000000007	1.0863061400022644
0.07900000000000007	1.0841947853430398
0.08000000000000002	1.0820958631606372
0.08100000000000004	1.0800101555314816
0.08200000000000009	1.0779384603963136
0.08300000000000005	1.0758815915059243
0.084	1.0738403783431136
0.08500000000000002	1.0718156660196734
0.08600000000000006	1.0698083151471807
0.08700000000000006	1.067819201680402
0.08800000000000004	1.0658492167320857
0.08900000000000007	1.0638992663579303
0.09000000000000002	1.0619702713105414
0.09100000000000004	1.0600631667611662
0.09200000000000005	1.0581789019880585
0.09300000000000001	1.0563184400303198
0.094	1.0544827573061042
0.09500000000000004	1.0526728431941186
0.096	1.0508896995773882
0.09700000000000006	1.0491343403483153
0.09800000000000005	1.0474077908741166
0.09900000000000007	1.0457110874217943
0.10000000000000002	1.0440452765418817
0.101	1.0424114144102634
0.10200000000000005	1.0408105661275173
0.10300000000000005	1.039243804975258
0.10400000000000004	1.0377122116291384
0.10500000000000007	1.0362168733282517
0.10600000000000001	1.034758883000816
0.10700000000000005	1.0333393383461593
0.10800000000000004	1.0319593408731802
0.10900000000000008	1.0306199948956054
0.11000000000000003	1.0293224064845372
0.11100000000000008	1.0280676823789485
0.11200000000000003	1.02685692885497
0.11300000000000003	1.025691250554998
0.11400000000000006	1.0245717492778428
0.11500000000000006	1.0234995227313306
0.11600000000000006	1.022475663248986
0.11700000000000008	1.0215012564726096
0.11800000000000008	1.0205773800027929
0.11900000000000002	1.0197051020195973
0.12000000000000005	1.0188854798758595
0.12100000000000007	1.018119558665772
0.12200000000000005	1.017408369771599
0.12300000000000004	1.016752929391585
0.12400000000000007	1.0161542370523293
0.12500000000000006	1.0156132741090493
0.12600000000000008	1.0151310022373585
0.12700000000000003	1.014708361920371
0.12800000000000006	1.0143462709350493
0.12900000000000003	1.0140456228419192
0.13000000000000006	1.0138072854823448
0.13100000000000006	1.0136320994877168
0.13200000000000003	1.0135208768049748
0.13300000000000003	1.0134743992429602
0.1340000000000001	1.0134934170441703
0.13500000000000006	1.0135786474864938
0.13600000000000007	1.0137307735195393
0.13700000000000004	1.0139504424401378
0.138	1.0142382646115806
0.13900000000000004	1.0145948122310902
0.14000000000000004	1.0150206181499164
0.14100000000000007	1.0155161747503754
0.14200000000000004	1.0160819328839858
0.14300000000000004	1.0167183008747056
0.14400000000000002	1.0174256435911035
0.14500000000000002	1.0182042815910655
0.14600000000000007	1.0190544903424466
0.14700000000000008	1.0199764995227953
0.14800000000000002	1.0209704924010297
0.14900000000000008	1.022036605303663
0.15000000000000002	1.0231749271678605
0.15100000000000002	1.0243854991833086
0.15200000000000008	1.0256683145245453
0.15300000000000002	1.0270233181750736
0.15400000000000005	1.0284504068442168
0.15500000000000003	1.0299494289773623
0.15600000000000003	1.0315201848598612
0.15700000000000003	1.0331624268145119
0.158	1.034875859492229
0.15900000000000003	1.0366601402551323
0.16000000000000006	1.0385148796509762
0.16100000000000006	1.0404396419775248
0.16200000000000006	1.0424339459351584
0.163	1.0444972653657119
0.164	1.0466290300752819
0.165	1.0488286267384657
0.16600000000000004	1.0510953998812844
0.16700000000000007	1.0534286529398185
0.16800000000000007	1.055827649391416
0.16900000000000007	1.0582916139551477
0.17000000000000007	1.0608197338580974
0.171	1.0634111601639191
0.17200000000000007	1.066065009160074
0.17300000000000004	1.0687803638000726
0.17400000000000002	1.071556275197056
0.17500000000000007	1.074391764165062
0.17600000000000007	1.077285822804369
0.17700000000000007	1.0802374161273849
0.17800000000000005	1.0832454837216547
0.17900000000000002	1.0863089414467024
0.18000000000000008	1.0894266831615829
0.18100000000000002	1.0925975824802208
0.18200000000000002	1.0958204945518337
0.18300000000000005	1.0990942578639946
0.18400000000000005	1.102417696066163
0.18500000000000003	1.1057896198118329
0.18600000000000008	1.1092088286177801
0.18700000000000003	1.1126741127392523
0.18800000000000003	1.1161842550603487
0.18900000000000003	1.11973803299925
0.19000000000000003	1.1233342204284313
0.1910000000000001	1.1269715896104402
0.1920000000000001	1.130648913150376
0.193	1.1343649659667454
0.19400000000000006	1.1381185272829273
0.19500000000000006	1.1419083826421634
0.19600000000000006	1.1457333259496012
0.19700000000000006	1.149592161545685
0.19800000000000004	1.1534837063159133
0.19900000000000004	1.1574067918428463
0.20000000000000004	1.1613602666071257
0.201	1.1653429982452124
0.202	1.1693538758726532
0.20300000000000004	1.1733918124827534
0.20400000000000001	1.1774557474318454
0.20500000000000004	1.1815446490236834
0.20600000000000004	1.1856575172069819
0.20700000000000005	1.1897933864018044
0.20800000000000005	1.1939513284723509
0.20900000000000002	1.198130455865689
0.21000000000000008	1.2023299249383055
0.21100000000000008	1.2065489394948574
0.21200000000000005	1.210786754566372
0.21300000000000008	1.2150426804583285
0.21400000000000005	1.2193160871026738
0.21500000000000008	1.2236064087518925
0.21600000000000003	1.2279131490578479
0.21700000000000005	1.2322358865833707
0.21800000000000003	1.2365742808004956
0.21900000000000008	1.2409280786360426
0.22000000000000006	1.2452971216330089
0.22100000000000003	1.2496813538051004
0.2220000000000001	1.2540808302719462
0.22300000000000006	1.2584957267742836
0.22400000000000003	1.262926350181933
0.22500000000000006	1.2673731501230532
0.22600000000000003	1.2718367318813222
0.22700000000000004	1.2763178707287892
0.22800000000000004	1.2808175278867204
0.22900000000000006	1.2853368683355026
0.23000000000000007	1.2898772807282866
0.231	1.2944403997026257
0.232	1.2990281309309046
0.23300000000000004	1.3036426793054574
0.23400000000000007	1.308286580719531
0.23500000000000001	1.3129627379829618
0.23600000000000004	1.3176744615041747
0.23700000000000004	1.3224255154812186
0.23800000000000004	1.327220170478313
0.23900000000000005	1.3320632634257348
0.24000000000000002	1.3369602662767353
0.24100000000000005	1.3419173647936258
0.24200000000000005	1.346941549227013
0.24300000000000002	1.3520407190110109
0.24400000000000005	1.3572238040407965
0.24500000000000008	1.3625009056499808
0.24600000000000005	1.3678834610941006
0.24700000000000005	1.3733844362125092
0.24800000000000003	1.3790185520368117
0.24900000000000005	1.3848025525100671
0.25000000000000006	1.3907555222724917
0.25100000000000006	1.3968992657860804
0.25200000000000006	1.4032587620911072
0.25300000000000006	1.409862713460516
0.25400000000000006	1.4167442114936615
0.25500000000000006	1.4239415512672147
0.25600000000000006	1.4314992337574357
0.257	1.4394692099170228
0.258	1.4479124380949235
0.259	1.4569008522906344
0.26	1.4665198756669122
0.261	1.4768716675009435
0.262	1.4880793714576188
0.263	1.500292753689874
0.264	1.5136958060296153
0.265	1.528517186185586
0.266	1.5450448518872275
0.267	1.5636470654312027
0.268	1.5848033831183246
0.269	1.609151880717494
0.27	1.637563957024525
0.271	1.6712685149230038
0.272	1.7120704860817182
0.273	1.762765085453359
0.274	1.828004551452292
0.275	1.916380082726965
0.276	2.0465926500464744
0.277	2.2740921656790825
0.278	3.066532642062671
0.279	2.1682678246812195
0.28	1.7421629253028195
0.281	1.474175300947444
0.28200000000000003	1.267151884786682
0.28300000000000003	1.0922364030574778
0.28400000000000003	0.9366131682710322
0.28500000000000003	0.7932942012674729
0.28600000000000003	0.6579096513854045
0.28700000000000003	0.5274135280924408
0.28800000000000003	0.39946500026703186
0.28900000000000003	0.2720864096362168
0.29000000000000004	0.14344199063309374
0.29100000000000004	0.011663623108401463
0.29200000000000004	-0.12532190524690845
0.29300000000000004	-0.270006348714159
0.29400000000000004	-0.42561368786543013
0.29500000000000004	-0.5966248726738398
0.29600000000000004	-0.7897582951166241
0.29700000000000004	-1.0160305073868037
0.29800000000000004	-1.2957937709417555
0.29900000000000004	-1.6741726813741795
0.30000000000000004	-2.292558445988808
0.30100000000000005	-5.3918768753301345