-2.	-2.715819551818115
-1.999	-2.7148213095501346
-1.998	-2.713823075398359
-1.997	-2.712824849400383
-1.996	-2.711826631593743
-1.995	-2.710828422016318
-1.994	-2.709830220706165
-1.993	-2.708832027701415
-1.992	-2.707833843040489
-1.991	-2.706835666761865
-1.99	-2.7058374989042977
-1.989	-2.704839339506719
-1.988	-2.703841188608099
-1.987	-2.7028430462478177
-1.986	-2.7018449124652175
-1.985	-2.700846787300006
-1.984	-2.6998486707919445
-1.983	-2.6988505629810695
-1.982	-2.6978524639074704
-1.981	-2.6968543736115813
-1.98	-2.695856292133917
-1.979	-2.694858219515222
-1.978	-2.6938601557964046
-1.977	-2.692862101018593
-1.976	-2.691864055223074
-1.975	-2.6908660184514006
-1.974	-2.689867990745191
-1.973	-2.6888699721462883
-1.972	-2.6878719626968746
-1.971	-2.6868739624391815
-1.97	-2.6858759714155833
-1.969	-2.6848779896688817
-1.968	-2.683880017241792
-1.967	-2.68288205417746
-1.966	-2.6818841005191216
-1.965	-2.6808861563101574
-1.964	-2.679888221594335
-1.963	-2.678890296415428
-1.962	-2.6778923808175334
-1.961	-2.676894474844878
-1.96	-2.675896578541977
-1.959	-2.6748986919534277
-1.958	-2.673900815124179
-1.957	-2.672902948099309
-1.956	-2.6719050909240774
-1.955	-2.670907243643994
-1.954	-2.66990940630483
-1.953	-2.6689115789524287
-1.952	-2.6679137616329833
-1.951	-2.666915954392786
-1.95	-2.665918157278464
-1.949	-2.6649203703367603
-1.948	-2.6639225936147426
-1.947	-2.662924827159493
-1.946	-2.6619270710185705
-1.945	-2.6609293252395734
-1.944	-2.6599315898703595
-1.943	-2.658933864959095
-1.942	-2.6579361505540144
-1.941	-2.656938446703625
-1.94	-2.6559407534568384
-1.939	-2.6549430708625
-1.938	-2.653945398969897
-1.937	-2.652947737828493
-1.936	-2.6519500874878914
-1.935	-2.6509524479980424
-1.934	-2.6499548194090496
-1.933	-2.648957201771352
-1.932	-2.647959595135425
-1.931	-2.646961999552205
-1.93	-2.645964415072728
-1.929	-2.6449668417482473
-1.928	-2.643969279630367
-1.927	-2.64297172877085
-1.926	-2.641974189221678
-1.925	-2.640976661035156
-1.924	-2.639979144263761
-1.923	-2.638981638960269
-1.922	-2.6379841451776147
-1.921	-2.6369866629690732
-1.92	-2.635989192388106
-1.919	-2.634991733488418
-1.918	-2.6339942863240275
-1.917	-2.632996850949144
-1.916	-2.6319994274181884
-1.915	-2.631002015785984
-1.914	-2.630004616107435
-1.913	-2.6290072284377755
-1.912	-2.628009852832527
-1.911	-2.627012489347474
-1.91	-2.626015138038523
-1.909	-2.625017798962041
-1.908	-2.6240204721744664
-1.907	-2.6230231577326157
-1.906	-2.6220258556935296
-1.905	-2.6210285661145365
-1.904	-2.620031289053243
-1.903	-2.6190340245673944
-1.902	-2.6180367727151954
-1.901	-2.6170395335550043
-1.9	-2.6160423071454346
-1.899	-2.6150450935454432
-1.898	-2.614047892814186
-1.897	-2.613050705011158
-1.896	-2.612053530196102
-1.895	-2.6110563684290717
-1.894	-2.6100592197702936
-1.893	-2.60906208428035
-1.892	-2.6080649620201775
-1.891	-2.60706785305081
-1.89	-2.6060707574337405
-1.889	-2.605073675230605
-1.888	-2.604076606503465
-1.887	-2.6030795513145772
-1.886	-2.602082509726501
-1.885	-2.601085481802054
-1.884	-2.600088467604437
-1.883	-2.5990914671970757
-1.882	-2.5980944806436486
-1.881	-2.5970975080082455
-1.88	-2.5961005493551426
-1.879	-2.595103604749018
-1.8780000000000001	-2.5941066742547294
-1.877	-2.593109757937504
-1.876	-2.592112855862901
-1.875	-2.5911159680967017
-1.874	-2.590119094705075
-1.873	-2.589122235754424
-1.8719999999999999	-2.588125391311497
-1.871	-2.587128561443344
-1.87	-2.586131746217339
-1.869	-2.585134945701155
-1.8679999999999999	-2.5841381599627526
-1.867	-2.5831413890704544
-1.866	-2.582144633092897
-1.865	-2.5811478920989352
-1.8639999999999999	-2.5801511661579313
-1.863	-2.579154455339359
-1.862	-2.5781577597131817
-1.861	-2.577161079349608
-1.8599999999999999	-2.5761644143191273
-1.859	-2.5751677646927007
-1.858	-2.574171130541455
-1.857	-2.57317451193695
-1.8559999999999999	-2.5721779089510215
-1.855	-2.5711813216558923
-1.854	-2.570184750124092
-1.853	-2.5691881944284347
-1.852	-2.568191654642135
-1.851	-2.5671951308387726
-1.85	-2.5661986230922107
-1.849	-2.5652021314766227
-1.848	-2.5642056560666493
-1.847	-2.5632091969371134
-1.846	-2.5622127541633275
-1.845	-2.561216327820888
-1.844	-2.560219917985752
-1.843	-2.5592235247342083
-1.842	-2.5582271481429157
-1.841	-2.5572307882889307
-1.84	-2.556234445249544
-1.839	-2.555238119102543
-1.838	-2.554241809926015
-1.837	-2.5532455177983935
-1.836	-2.552249242798498
-1.835	-2.5512529850054957
-1.834	-2.550256744498942
-1.833	-2.5492605213587356
-1.832	-2.5482643156651887
-1.831	-2.547268127498935
-1.83	-2.546271956941015
-1.829	-2.545275804072806
-1.828	-2.5442796689761065
-1.827	-2.5432835517330936
-1.826	-2.5422874524262578
-1.825	-2.541291371138555
-1.824	-2.5402953079533086
-1.823	-2.539299262954177
-1.822	-2.538303236225236
-1.821	-2.5373072278509614
-1.82	-2.5363112379162374
-1.819	-2.53531526650629
-1.818	-2.5343193137067614
-1.817	-2.533323379603706
-1.816	-2.5323274642835623
-1.815	-2.5313315678331896
-1.814	-2.5303356903397978
-1.813	-2.5293398318910545
-1.812	-2.52834399257502
-1.811	-2.5273481724801696
-1.81	-2.5263523716953515
-1.809	-2.5253565903098405
-1.808	-2.524360828413352
-1.807	-2.5233650860960193
-1.806	-2.5223693634483197
-1.805	-2.521373660561238
-1.804	-2.5203779775261292
-1.803	-2.5193823144348153
-1.802	-2.5183866713794902
-1.801	-2.517391048452799
-1.8	-2.5163954457478273
-1.799	-2.5153998633580734
-1.798	-2.5144043013774833
-1.797	-2.513408759900439
-1.796	-2.512413239021737
-1.795	-2.5114177388366286
-1.794	-2.5104222594408134
-1.793	-2.5094268009304437
-1.792	-2.5084313634020505
-1.791	-2.507435946952714
-1.79	-2.5064405516799018
-1.789	-2.5054451776815325
-1.788	-2.5044498250559797
-1.787	-2.5034544939021086
-1.786	-2.502459184319205
-1.785	-2.501463896407014
-1.784	-2.5004686302657837
-1.783	-2.4994733859961684
-1.782	-2.4984781636993265
-1.781	-2.497482963476878
-1.78	-2.4964877854309324
-1.779	-2.4954926296640267
-1.778	-2.4944974962792057
-1.777	-2.4935023853799976
-1.776	-2.4925072970703868
-1.775	-2.4915122314548603
-1.774	-2.490517188638364
-1.773	-2.4895221687263644
-1.772	-2.488527171824779
-1.771	-2.4875321980400504
-1.77	-2.4865372474791014
-1.769	-2.4855423202493387
-1.768	-2.484547416458676
-1.767	-2.4835525362155324
-1.766	-2.482557679628831
-1.765	-2.481562846807993
-1.764	-2.4805680378629322
-1.763	-2.479573252904089
-1.762	-2.4785784920424447
-1.761	-2.4775837553894364
-1.76	-2.4765890430570523
-1.759	-2.475594355157782
-1.758	-2.4745996918046607
-1.7570000000000001	-2.4736050531112466
-1.756	-2.4726104391915866
-1.755	-2.471615850160297
-1.754	-2.4706212861325128
-1.7530000000000001	-2.4696267472238906
-1.752	-2.46863223355064
-1.751	-2.4676377452294975
-1.75	-2.4666432823777593
-1.749	-2.465648845113245
-1.748	-2.4646544335543075
-1.7469999999999999	-2.4636600478199027
-1.746	-2.4626656880294746
-1.745	-2.4616713543030584
-1.744	-2.460677046761267
-1.7429999999999999	-2.459682765525189
-1.742	-2.4586885107165894
-1.741	-2.4576942824576773
-1.74	-2.4567000808713373
-1.7389999999999999	-2.455705906080957
-1.738	-2.454711758210504
-1.737	-2.4537176373845595
-1.736	-2.452723543728211
-1.7349999999999999	-2.4517294773672056
-1.734	-2.4507354384278273
-1.733	-2.4497414270369675
-1.732	-2.448747443322073
-1.7309999999999999	-2.4477534874112092
-1.73	-2.4467595594330347
-1.729	-2.4457656595168027
-1.728	-2.444771787792367
-1.7269999999999999	-2.443777944390162
-1.726	-2.4427841294412604
-1.725	-2.4417903430773156
-1.724	-2.4407965854306193
-1.7229999999999999	-2.439802856634061
-1.722	-2.4388091568211223
-1.721	-2.4378154861259627
-1.72	-2.4368218446833074
-1.7189999999999999	-2.4358282326285265
-1.718	-2.4348346500976406
-1.717	-2.4338410972272855
-1.716	-2.4328475741546964
-1.7149999999999999	-2.431854081017812
-1.714	-2.430860617955142
-1.713	-2.4298671851058953
-1.712	-2.428873782609904
-1.711	-2.4278804106076417
-1.71	-2.4268870692402453
-1.709	-2.4258937586494893
-1.708	-2.424900478977845
-1.707	-2.4239072303683877
-1.706	-2.422914012964925
-1.705	-2.42192082691186
-1.704	-2.4209276723543245
-1.703	-2.4199345494380884
-1.702	-2.418941458309623
-1.701	-2.4179483991160553
-1.7	-2.416955372005215
-1.699	-2.415962377125596
-1.698	-2.4149694146264107
-1.697	-2.4139764846575424
-1.696	-2.4129835873695935
-1.695	-2.4119907229138273
-1.694	-2.4109978914422334
-1.693	-2.410005093107511
-1.692	-2.4090123280630515
-1.691	-2.408019596462985
-1.69	-2.407026898462127
-1.689	-2.406034234216047
-1.688	-2.4050416038809974
-1.687	-2.4040490076139633
-1.686	-2.4030564455726924
-1.685	-2.4020639179156333
-1.684	-2.4010714248019887
-1.683	-2.400078966391683
-1.682	-2.399086542845384
-1.681	-2.3980941543245264
-1.68	-2.3971018009912837
-1.679	-2.3961094830085594
-1.678	-2.3951172005400645
-1.677	-2.394124953750212
-1.676	-2.393132742804238
-1.675	-2.3921405678680903
-1.674	-2.39114842910851
-1.673	-2.3901563266930377
-1.672	-2.389164260789957
-1.671	-2.3881722315683547
-1.67	-2.3871802391980848
-1.669	-2.3861882838498003
-1.668	-2.385196365694963
-1.667	-2.3842044849057906
-1.666	-2.3832126416553403
-1.665	-2.3822208361174564
-1.664	-2.3812290684668014
-1.663	-2.380237338878824
-1.662	-2.379245647529824
-1.661	-2.3782539945968875
-1.66	-2.3772623802579487
-1.659	-2.376270804691756
-1.658	-2.3752792680778843
-1.657	-2.374287770596749
-1.656	-2.373296312429618
-1.655	-2.3723048937585802
-1.654	-2.3713135147665705
-1.653	-2.370322175637398
-1.652	-2.3693308765556917
-1.651	-2.368339617706976
-1.65	-2.3673483992776037
-1.649	-2.366357221454825
-1.6480000000000001	-2.3653660844267383
-1.647	-2.364374988382315
-1.646	-2.3633839335114257
-1.645	-2.3623929200048077
-1.6440000000000001	-2.361401948054089
-1.643	-2.3604110178517868
-1.642	-2.359420129591318
-1.641	-2.3584292834669855
-1.6400000000000001	-2.357438479674026
-1.639	-2.356447718408545
-1.638	-2.3554569998675965
-1.637	-2.3544663242491244
-1.6360000000000001	-2.3534756917519957
-1.635	-2.352485102576016
-1.634	-2.351494556921927
-1.633	-2.3505040549913714
-1.6320000000000001	-2.3495135969869536
-1.631	-2.3485231831122175
-1.63	-2.3475328135716573
-1.629	-2.3465424885707002
-1.6280000000000001	-2.3455522083157527
-1.627	-2.3445619730141662
-1.626	-2.3435717828742653
-1.625	-2.3425816381053415
-1.624	-2.3415915389176623
-1.623	-2.3406014855224444
-1.6219999999999999	-2.339611478131943
-1.621	-2.3386215169593583
-1.62	-2.3376316022189028
-1.619	-2.336641734125761
-1.6179999999999999	-2.3356519128961586
-1.617	-2.334662138747286
-1.616	-2.3336724118973677
-1.615	-2.332682732565646
-1.6139999999999999	-2.3316931009723723
-1.613	-2.3307035173388284
-1.612	-2.329713981887332
-1.611	-2.3287244948412216
-1.6099999999999999	-2.3277350564248867
-1.609	-2.326745666863755
-1.608	-2.325756326384315
-1.607	-2.324767035214096
-1.6059999999999999	-2.32377779358169
-1.605	-2.3227886017167565
-1.604	-2.321799459850027
-1.603	-2.320810368213301
-1.6019999999999999	-2.319821327039456
-1.601	-2.3188323365624695
-1.6	-2.3178433970173855
-1.599	-2.3168545086403616
-1.5979999999999999	-2.3158656716686385
-1.597	-2.3148768863405906
-1.596	-2.3138881528956596
-1.595	-2.312899471574444
-1.5939999999999999	-2.311910842618639
-1.593	-2.3109222662710747
-1.592	-2.3099337427757054
-1.591	-2.308945272377637
-1.5899999999999999	-2.307956855323091
-1.589	-2.3069684918594646
-1.588	-2.3059801822352886
-1.587	-2.30499192670026
-1.5859999999999999	-2.3040037255052326
-1.585	-2.303015578902241
-1.584	-2.3020274871444903
-1.583	-2.3010394504863587
-1.582	-2.3000514691834066
-1.581	-2.2990635434924096
-1.58	-2.298075673671308
-1.579	-2.297087859979268
-1.578	-2.2961001026766517
-1.577	-2.2951124020250484
-1.576	-2.2941247582872424
-1.575	-2.2931371717272744
-1.574	-2.292149642610384
-1.573	-2.291162171203079
-1.572	-2.290174757773086
-1.571	-2.2891874025893824
-1.57	-2.288200105922218
-1.569	-2.2872128680430928
-1.568	-2.286225689224757
-1.567	-2.2852385697412507
-1.566	-2.2842515098678984
-1.565	-2.28326450988129
-1.564	-2.282277570059316
-1.563	-2.2812906906811596
-1.562	-2.2803038720273103
-1.561	-2.279317114379561
-1.56	-2.2783304180210333
-1.559	-2.2773437832361427
-1.558	-2.276357210310654
-1.557	-2.275370699531663
-1.556	-2.2743842511876013
-1.555	-2.273397865568237
-1.554	-2.272411542964713
-1.553	-2.2714252836695117
-1.552	-2.270439087976484
-1.551	-2.2694529561808596
-1.55	-2.2684668885792374
-1.549	-2.2674808854696096
-1.548	-2.26649494715135
-1.547	-2.2655090739252466
-1.546	-2.2645232660934673
-1.545	-2.2635375239596094
-1.544	-2.2625518478286817
-1.543	-2.26156623800712
-1.542	-2.2605806948027865
-1.541	-2.2595952185249755
-1.54	-2.258609809484453
-1.539	-2.2576244679933968
-1.538	-2.256639194365472
-1.537	-2.2556539889158005
-1.536	-2.2546688519609743
-1.535	-2.2536837838190653
-1.534	-2.2526987848096347
-1.533	-2.2517138552537284
-1.532	-2.2507289954738927
-1.531	-2.2497442057942036
-1.53	-2.248759486540216
-1.529	-2.2477748380390286
-1.528	-2.2467902606192673
-1.527	-2.2458057546110903
-1.526	-2.2448213203461966
-1.525	-2.2438369581578392
-1.524	-2.24285266838083
-1.523	-2.2418684513515323
-1.522	-2.2408843074079026
-1.521	-2.239900236889472
-1.52	-2.238916240137349
-1.5190000000000001	-2.237932317494238
-1.518	-2.2369484693044637
-1.517	-2.235964695913939
-1.516	-2.2349809976702
-1.5150000000000001	-2.233997374922428
-1.514	-2.233013828021406
-1.513	-2.2320303573195748
-1.512	-2.23104696317103
-1.5110000000000001	-2.230063645931512
-1.51	-2.2290804059584195
-1.509	-2.2280972436108506
-1.508	-2.227114159249555
-1.5070000000000001	-2.2261311532369867
-1.506	-2.2251482259372786
-1.505	-2.224165377716291
-1.504	-2.2231826089415843
-1.5030000000000001	-2.222199919982436
-1.502	-2.221217311209855
-1.501	-2.220234782996595
-1.5	-2.2192523357171403
-1.499	-2.2182699697477286
-1.498	-2.217287685466381
-1.4969999999999999	-2.2163054832528655
-1.496	-2.2153233634887357
-1.495	-2.2143413265573355
-1.494	-2.213359372843795
-1.4929999999999999	-2.2123775027350616
-1.492	-2.211395716619883
-1.491	-2.210414014888832
-1.49	-2.209432397934315
-1.4889999999999999	-2.2084508661505637
-1.488	-2.207469419933673
-1.487	-2.206488059681584
-1.486	-2.205506785794106
-1.485	-2.2045255986729235
-1.484	-2.203544498721591
-1.483	-2.2025634863455736
-1.482	-2.2015825619522222
-1.481	-2.2006017259507993
-1.48	-2.199620978752495
-1.479	-2.198640320770414
-1.478	-2.197659752419607
-1.477	-2.196679274117063
-1.476	-2.195698886281734
-1.475	-2.194718589334536
-1.474	-2.193738383698352
-1.473	-2.192758269798053
-1.472	-2.1917782480605066
-1.471	-2.19079831891457
-1.47	-2.1898184827911265
-1.469	-2.188838740123073
-1.468	-2.1878590913453393
-1.467	-2.186879536894895
-1.466	-2.18590007721076
-1.465	-2.184920712734014
-1.464	-2.183941443907811
-1.463	-2.182962271177381
-1.462	-2.1819831949900417
-1.461	-2.1810042157952174
-1.46	-2.180025334044433
-1.459	-2.179046550191344
-1.458	-2.1780678646917226
-1.457	-2.17708927800349
-1.456	-2.176110790586723
-1.455	-2.175132402903649
-1.454	-2.174154115418668
-1.453	-2.1731759285983654
-1.452	-2.1721978429115087
-1.451	-2.1712198588290885
-1.45	-2.1702419768242818
-1.449	-2.169264197372507
-1.448	-2.16828652095141
-1.447	-2.1673089480408843
-1.446	-2.1663314791230723
-1.445	-2.165354114682389
-1.444	-2.1643768552055302
-1.443	-2.1633997011814614
-1.442	-2.162422653101469
-1.441	-2.1614457114591388
-1.44	-2.1604688767503686
-1.439	-2.1594921494734094
-1.438	-2.15851553012884
-1.437	-2.157539019219591
-1.436	-2.1565626172509726
-1.435	-2.15558632473066
-1.434	-2.154610142168724
-1.433	-2.153634070077624
-1.432	-2.152658108972249
-1.431	-2.1516822593698945
-1.43	-2.1507065217902963
-1.429	-2.1497308967556403
-1.428	-2.1487553847905643
-1.427	-2.147779986422176
-1.426	-2.1468047021800714
-1.425	-2.145829532596331
-1.424	-2.1448544782055468
-1.423	-2.143879539544828
-1.422	-2.142904717153807
-1.421	-2.141930011574665
-1.42	-2.140955423352134
-1.419	-2.1399809530335148
-1.418	-2.139006601168685
-1.417	-2.1380323683101063
-1.416	-2.1370582550128567
-1.415	-2.136084261834619
-1.414	-2.135110389335709
-1.413	-2.134136638079085
-1.412	-2.1331630086303592
-1.411	-2.1321895015578036
-1.41	-2.1312161174323725
-1.409	-2.1302428568277203
-1.408	-2.1292697203202016
-1.407	-2.1282967084888793
-1.406	-2.1273238219155632
-1.405	-2.1263510611847996
-1.404	-2.125378426883891
-1.403	-2.1244059196029124
-1.402	-2.123433539934728
-1.401	-2.1224612884749963
-1.4	-2.121489165822182
-1.399	-2.1205171725775838
-1.398	-2.1195453093453263
-1.397	-2.1185735767324028
-1.396	-2.11760197534866
-1.395	-2.116630505806827
-1.394	-2.1156591687225275
-1.393	-2.114687964714291
-1.392	-2.113716894403573
-1.391	-2.11274595841476
-1.39	-2.1117751573751886
-1.389	-2.1108044919151654
-1.388	-2.109833962667965
-1.387	-2.108863570269864
-1.386	-2.1078933153601462
-1.385	-2.1069231985811103
-1.384	-2.105953220578091
-1.383	-2.104983381999489
-1.382	-2.104013683496751
-1.381	-2.1030441257244177
-1.38	-2.102074709340124
-1.379	-2.1011054350046057
-1.378	-2.1001363033817353
-1.377	-2.0991673151385233
-1.376	-2.0981984709451313
-1.375	-2.0972297714749035
-1.3739999999999999	-2.0962612174043547
-1.373	-2.0952928094132193
-1.3719999999999999	-2.0943245481844333
-1.371	-2.0933564344041775
-1.3699999999999999	-2.092388468761877
-1.369	-2.0914206519502194
-1.3679999999999999	-2.0904529846651765
-1.367	-2.0894854676060195
-1.366	-2.0885181014753247
-1.365	-2.0875508869789976
-1.3639999999999999	-2.086583824826299
-1.363	-2.0856169157298394
-1.362	-2.0846501604056096
-1.361	-2.0836835595729957
-1.3599999999999999	-2.08271711395479
-1.359	-2.081750824277222
-1.358	-2.0807846912699515
-1.357	-2.0798187156661085
-1.3559999999999999	-2.0788528982022934
-1.355	-2.077887239618603
-1.354	-2.076921740658646
-1.353	-2.0759564020695613
-1.3519999999999999	-2.074991224602027
-1.351	-2.074026209010289
-1.35	-2.0730613560521722
-1.349	-2.072096666489096
-1.3479999999999999	-2.0711321410860988
-1.347	-2.0701677806118504
-1.346	-2.0692035858386655
-1.345	-2.0682395575425367
-1.3439999999999999	-2.0672756965031325
-1.343	-2.0663120035038363
-1.342	-2.0653484793317416
-1.341	-2.064385124777687
-1.34	-2.063421940636276
-1.339	-2.062458927705881
-1.338	-2.0614960867886745
-1.337	-2.0605334186906337
-1.336	-2.0595709242215836
-1.335	-2.0586086041951877
-1.334	-2.0576464594289834
-1.333	-2.0566844907443995
-1.332	-2.05572269896677
-1.331	-2.054761084925358
-1.33	-2.0537996494533726
-1.329	-2.0528383933879875
-1.328	-2.0518773175703644
-1.327	-2.0509164228456642
-1.326	-2.049955710063083
-1.325	-2.0489951800758464
-1.324	-2.048034833741253
-1.323	-2.047074671920685
-1.322	-2.04611469547963
-1.321	-2.0451549052876934
-1.32	-2.0441953022186286
-1.319	-2.043235887150356
-1.318	-2.0422766609649785
-1.317	-2.0413176245488036
-1.316	-2.0403587787923656
-1.315	-2.0394001245904505
-1.314	-2.0384416628421067
-1.313	-2.037483394450675
-1.312	-2.036525320323803
-1.311	-2.0355674413734755
-1.31	-2.034609758516026
-1.309	-2.033652272672159
-1.308	-2.0326949847669833
-1.307	-2.0317378957300174
-1.306	-2.0307810064952236
-1.305	-2.029824318001022
-1.304	-2.0288678311903174
-1.303	-2.0279115470105205
-1.302	-2.026955466413568
-1.301	-2.025999590355948
-1.3	-2.025043919798718
-1.299	-2.024088455707533
-1.298	-2.023133199052665
-1.297	-2.0221781508090264
-1.296	-2.021223311956193
-1.295	-2.0202686834784247
-1.294	-2.0193142663646926
-1.293	-2.018360061608704
-1.292	-2.0174060702089167
-1.291	-2.016452293168572
-1.29	-2.015498731495714
-1.289	-2.0145453862032117
-1.288	-2.0135922583087904
-1.287	-2.0126393488350467
-1.286	-2.0116866588094786
-1.285	-2.010734189264503
-1.284	-2.0097819412374953
-1.283	-2.008829915770793
-1.282	-2.0078781139117385
-1.281	-2.006926536712694
-1.28	-2.005975185231065
-1.279	-2.0050240605293363
-1.278	-2.004073163675086
-1.277	-2.003122495741017
-1.276	-2.002172057804977
-1.275	-2.001221850949993
-1.274	-2.0002718762642897
-1.273	-1.9993221348413162
-1.272	-1.9983726277797749
-1.271	-1.9974233561836447
-1.27	-1.9964743211622107
-1.269	-1.9955255238300877
-1.268	-1.9945769653072476
-1.267	-1.9936286467190447
-1.266	-1.992680569196249
-1.265	-1.9917327338750626
-1.264	-1.990785141897156
-1.263	-1.9898377944096945
-1.262	-1.988890692565357
-1.261	-1.9879438375223755
-1.26	-1.9869972304445533
-1.259	-1.986050872501299
-1.258	-1.9851047648676536
-1.257	-1.9841589087243137
-1.256	-1.983213305257668
-1.255	-1.982267955659815
-1.254	-1.9813228611286073
-1.253	-1.980378022867662
-1.252	-1.9794334420864046
-1.251	-1.9784891200000927
-1.25	-1.9775450578298412
-1.2489999999999999	-1.976601256802656
-1.248	-1.9756577181514678
-1.2469999999999999	-1.9747144431151529
-1.246	-1.973771432938567
-1.245	-1.9728286888725763
-1.244	-1.9718862121740923
-1.2429999999999999	-1.970944004106089
-1.242	-1.9700020659376443
-1.241	-1.9690603989439714
-1.24	-1.9681190044064416
-1.2389999999999999	-1.9671778836126221
-1.238	-1.9662370378563045
-1.237	-1.9652964684375385
-1.236	-1.9643561766626598
-1.2349999999999999	-1.9634161638443233
-1.234	-1.962476431301539
-1.233	-1.961536980359696
-1.232	-1.9605978123506036
-1.2309999999999999	-1.9596589286125161
-1.23	-1.958720330490172
-1.229	-1.9577820193348225
-1.228	-1.9568439965042654
-1.2269999999999999	-1.9559062633628763
-1.226	-1.9549688212816494
-1.225	-1.9540316716382224
-1.224	-1.9530948158169117
-1.2229999999999999	-1.9521582552087529
-1.222	-1.9512219912115272
-1.221	-1.9502860252297989
-1.22	-1.9493503586749519
-1.2189999999999999	-1.9484149929652175
-1.218	-1.9474799295257184
-1.217	-1.9465451697884961
-1.216	-1.9456107151925504
-1.2149999999999999	-1.944676567183872
-1.214	-1.9437427272154826
-1.213	-1.942809196747466
-1.212	-1.9418759772470058
-1.2109999999999999	-1.9409430701884194
-1.21	-1.9400104770532018
-1.209	-1.9390781993300508
-1.208	-1.9381462385149173
-1.2069999999999999	-1.9372145961110288
-1.206	-1.936283273628936
-1.205	-1.9353522725865449
-1.204	-1.934421594509159
-1.2029999999999998	-1.9334912409295122
-1.202	-1.9325612133878136
-1.201	-1.9316315134317763
-1.2	-1.9307021426166648
-1.199	-1.929773102505328
-1.198	-1.9288443946682408
-1.197	-1.9279160206835437
-1.196	-1.926987982137078
-1.195	-1.926060280622433
-1.194	-1.9251329177409748
-1.193	-1.9242058951018963
-1.192	-1.9232792143222555
-1.191	-1.922352877027012
-1.19	-1.9214268848490685
-1.189	-1.9205012394293142
-1.188	-1.9195759424166667
-1.187	-1.9186509954681061
-1.186	-1.9177264002487306
-1.185	-1.9168021584317811
-1.184	-1.9158782716986957
-1.183	-1.9149547417391484
-1.182	-1.9140315702510908
-1.181	-1.9131087589407967
-1.18	-1.912186309522899
-1.179	-1.9112642237204456
-1.178	-1.9103425032649275
-1.177	-1.9094211498963374
-1.176	-1.9085001653631999
-1.175	-1.9075795514226264
-1.174	-1.906659309840355
-1.173	-1.9057394423907963
-1.172	-1.9048199508570756
-1.171	-1.9039008370310833
-1.17	-1.9029821027135168
-1.169	-1.9020637497139279
-1.168	-1.9011457798507652
-1.167	-1.9002281949514264
-1.166	-1.899310996852302
-1.165	-1.8983941873988206
-1.164	-1.897477768445496
-1.163	-1.8965617418559801
-1.162	-1.895646109503103
-1.161	-1.8947308732689259
-1.16	-1.893816035044786
-1.159	-1.8929015967313507
-1.158	-1.8919875602386578
-1.157	-1.8910739274861728
-1.156	-1.8901607004028318
-1.155	-1.8892478809270958
-1.154	-1.888335471006999
-1.153	-1.8874234726001968
-1.152	-1.8865118876740194
-1.151	-1.8856007182055219
-1.15	-1.8846899661815328
-1.149	-1.8837796335987103
-1.148	-1.8828697224635866
-1.147	-1.88196023479263
-1.146	-1.8810511726122858
-1.145	-1.8801425379590393
-1.144	-1.87923433287946
-1.143	-1.8783265594302607
-1.142	-1.8774192196783488
-1.141	-1.8765123157008798
-1.14	-1.8756058495853112
-1.139	-1.874699823429459
-1.138	-1.8737942393415494
-1.137	-1.872889099440277
-1.1360000000000001	-1.8719844058548576
-1.135	-1.8710801607250835
-1.134	-1.8701763662013855
-1.133	-1.8692730244448796
-1.1320000000000001	-1.868370137627433
-1.131	-1.8674677079317143
-1.13	-1.8665657375512534
-1.129	-1.8656642286905023
-1.1280000000000001	-1.8647631835648875
-1.127	-1.8638626044008717
-1.126	-1.862962493436013
-1.125	-1.8620628529190204
-1.124	-1.8611636851098199
-1.123	-1.8602649922796064
-1.1219999999999999	-1.8593667767109094
-1.121	-1.8584690406976514
-1.12	-1.8575717865452088
-1.119	-1.8566750165704742
-1.1179999999999999	-1.8557787331019158
-1.117	-1.8548829384796421
-1.116	-1.8539876350554625
-1.115	-1.8530928251929497
-1.1139999999999999	-1.8521985112675048
-1.113	-1.8513046956664176
-1.112	-1.8504113807889342
-1.111	-1.8495185690463163
-1.1099999999999999	-1.8486262628619137
-1.109	-1.8477344646712186
-1.108	-1.846843176921941
-1.107	-1.8459524020740674
-1.1059999999999999	-1.845062142599932
-1.105	-1.8441724009842788
-1.104	-1.8432831797243323
-1.103	-1.8423944813298636
-1.1019999999999999	-1.841506308323256
-1.101	-1.840618663239577
-1.1	-1.8397315486266455
-1.099	-1.8388449670450975
-1.0979999999999999	-1.8379589210684613
-1.097	-1.8370734132832218
-1.096	-1.8361884462888962
-1.095	-1.835304022698101
-1.0939999999999999	-1.8344201451366222
-1.093	-1.833536816243492
-1.092	-1.832654038671055
-1.091	-1.8317718150850435
-1.0899999999999999	-1.8308901481646527
-1.089	-1.8300090406026077
-1.088	-1.8291284951052444
-1.087	-1.828248514392578
-1.0859999999999999	-1.8273691011983815
-1.085	-1.8264902582702605
-1.084	-1.8256119883697255
-1.083	-1.8247342942722706
-1.0819999999999999	-1.823857178767452
-1.081	-1.8229806446589607
-1.08	-1.8221046947647044
-1.079	-1.8212293319168797
-1.0779999999999998	-1.8203545589620582
-1.077	-1.819480378761258
-1.076	-1.8186067941900295
-1.075	-1.8177338081385293
-1.0739999999999998	-1.8168614235116067
-1.073	-1.8159896432288807
-1.072	-1.8151184702248202
-1.071	-1.814247907448832
-1.07	-1.813377957865337
-1.069	-1.8125086244538564
-1.068	-1.811639910209094
-1.067	-1.8107718181410213
-1.066	-1.8099043512749622
-1.065	-1.8090375126516751
-1.064	-1.8081713053274429
-1.063	-1.8073057323741557
-1.062	-1.8064407968794003
-1.061	-1.8055765019465433
-1.06	-1.8047128506948262
-1.059	-1.803849846259444
-1.058	-1.8029874917916426
-1.057	-1.8021257904588035
-1.056	-1.8012647454445359
-1.055	-1.8004043599487676
-1.054	-1.7995446371878334
-1.053	-1.79868558039457
-1.052	-1.797827192818407
-1.051	-1.7969694777254606
-1.05	-1.7961124383986249
-1.049	-1.7952560781376685
-1.048	-1.79440040025933
-1.047	-1.7935454080974098
-1.046	-1.7926911050028684
-1.045	-1.7918374943439228
-1.044	-1.7909845795061454
-1.043	-1.7901323638925557
-1.042	-1.7892808509237272
-1.041	-1.78843004403788
-1.04	-1.7875799466909836
-1.039	-1.7867305623568561
-1.038	-1.7858818945272665
-1.037	-1.7850339467120344
-1.036	-1.784186722439134
-1.035	-1.7833402252547965
-1.034	-1.7824944587236133
-1.033	-1.7816494264286415
-1.032	-1.7808051319715088
-1.031	-1.7799615789725167
-1.03	-1.779118771070751
-1.029	-1.7782767119241856
-1.028	-1.7774354052097912
-1.027	-1.7765948546236454
-1.026	-1.7757550638810387
-1.025	-1.7749160367165877
-1.024	-1.774077776884345
-1.023	-1.773240288157908
-1.022	-1.772403574330535
-1.021	-1.7715676392152535
-1.02	-1.7707324866449785
-1.019	-1.7698981204726243
-1.018	-1.7690645445712196
-1.017	-1.7682317628340232
-1.016	-1.7673997791746419
-1.015	-1.766568597527147
-1.014	-1.7657382218461928
-1.013	-1.7649086561071359
-1.012	-1.7640799043061546
-1.011	-1.7632519704603677
-1.01	-1.7624248586079603
-1.009	-1.7615985728083008
-1.008	-1.7607731171420684
-1.0070000000000001	-1.7599484957113738
-1.006	-1.7591247126398861
-1.005	-1.7583017720729555
-1.004	-1.7574796781777438
-1.0030000000000001	-1.756658435143348
-1.002	-1.7558380471809287
-1.001	-1.755018518523842
-1.	-1.754199853427766
-0.999	-1.7533820561708322
-0.998	-1.7525651310537584
-0.997	-1.7517490823999817
-0.996	-1.7509339145557872
-0.995	-1.7501196318904493
-0.994	-1.7493062387963605
-0.993	-1.748493739689171
-0.992	-1.747682139007926
-0.991	-1.7468714412152009
-0.99	-1.7460616507972433
-0.989	-1.745252772264112
-0.988	-1.7444448101498151
-0.987	-1.7436377690124563
-0.986	-1.7428316534343746
-0.985	-1.7420264680222897
-0.984	-1.7412222174074443
-0.983	-1.7404189062457531
-0.982	-1.739616539217948
-0.981	-1.738815121029726
-0.98	-1.7380146564118961
-0.979	-1.737215150120534
-0.978	-1.7364166069371276
-0.977	-1.7356190316687319
-0.976	-1.7348224291481236
-0.975	-1.734026804233949
-0.974	-1.7332321618108868
-0.973	-1.7324385067897994
-0.972	-1.7316458441078901
-0.971	-1.7308541787288656
-0.97	-1.730063515643091
-0.969	-1.729273859867753
-0.968	-1.7284852164470212
-0.967	-1.7276975904522112
-0.966	-1.7269109869819472
-0.965	-1.7261254111623303
-0.964	-1.7253408681471019
-0.963	-1.7245573631178124
-0.962	-1.723774901283991
-0.961	-1.7229934878833142
-0.96	-1.7222131281817779
-0.959	-1.7214338274738694
-0.958	-1.720655591082741
-0.957	-1.7198784243603866
-0.956	-1.7191023326878148
-0.955	-1.7183273214752282
-0.954	-1.7175533961622016
-0.953	-1.7167805622178636
-0.952	-1.7160088251410757
-0.951	-1.715238190460614
-0.95	-1.7144686637353577
-0.949	-1.71370025055447
-0.948	-1.712932956537585
-0.947	-1.7121667873349984
-0.946	-1.7114017486278543
-0.945	-1.7106378461283362
-0.944	-1.7098750855798612
-0.943	-1.7091134727572694
-0.942	-1.7083530134670222
-0.941	-1.707593713547398
-0.94	-1.7068355788686886
-0.939	-1.7060786153333998
-0.938	-1.7053228288764504
-0.9369999999999999	-1.7045682254653767
-0.9359999999999999	-1.7038148111005331
-0.9349999999999999	-1.7030625918153004
-0.9339999999999999	-1.7023115736762893
-0.9329999999999999	-1.7015617627835509
-0.9319999999999999	-1.7008131652707854
-0.9309999999999999	-1.7000657873055534
-0.9299999999999999	-1.6993196350894881
-0.9289999999999999	-1.6985747148585117
-0.9279999999999999	-1.6978310328830482
-0.9269999999999999	-1.6970885954682442
-0.9259999999999999	-1.6963474089541855
-0.9249999999999999	-1.6956074797161198
-0.9239999999999999	-1.6948688141646773
-0.9229999999999999	-1.6941314187460983
-0.9219999999999999	-1.693395299942454
-0.9209999999999999	-1.6926604642718794
-0.9199999999999999	-1.6919269182887975
-0.9189999999999999	-1.6911946685841546
-0.9179999999999999	-1.6904637217856495
-0.9169999999999999	-1.6897340845579714
-0.9159999999999999	-1.6890057636030325
-0.915	-1.6882787656602087
-0.9139999999999999	-1.6875530975065793
-0.913	-1.686828765957167
-0.9119999999999999	-1.6861057778651827
-0.911	-1.6853841401222704
-0.9099999999999999	-1.684663859658755
-0.909	-1.6839449434438911
-0.9079999999999999	-1.6832273984861132
-0.907	-1.6825112318332902
-0.9059999999999999	-1.6817964505729783
-0.905	-1.6810830618326815
-0.9039999999999999	-1.680371072780105
-0.903	-1.6796604906234207
-0.902	-1.6789513226115285
-0.901	-1.6782435760343206
-0.9	-1.6775372582229489
-0.899	-1.6768323765500943
-0.898	-1.6761289384302362
-0.897	-1.6754269513199285
-0.896	-1.6747264227180734
-0.895	-1.6740273601661968
-0.894	-1.6733297712487323
-0.893	-1.6726336635932988
-0.892	-1.6719390448709888
-0.891	-1.6712459227966496
-0.89	-1.670554305129176
-0.889	-1.6698641996717996
-0.888	-1.669175614272381
-0.887	-1.668488556823707
-0.886	-1.667803035263786
-0.885	-1.667119057576151
-0.884	-1.6664366317901589
-0.883	-1.6657557659812983
-0.882	-1.6650764682714945
-0.881	-1.6643987468294201
-0.88	-1.6637226098708073
-0.879	-1.6630480656587627
-0.878	-1.662375122504084
-0.877	-1.6617037887655803
-0.876	-1.6610340728503938
-0.875	-1.6603659832143252
-0.874	-1.659699528362161
-0.873	-1.6590347168480029
-0.872	-1.6583715572756026
-0.871	-1.6577100582986957
-0.87	-1.6570502286213398
-0.869	-1.6563920769982565
-0.868	-1.655735612235174
-0.867	-1.655080843189175
-0.866	-1.6544277787690442
-0.865	-1.653776427935623
-0.864	-1.653126799702161
-0.863	-1.6524789031346785
-0.862	-1.6518327473523229
-0.861	-1.651188341527736
-0.86	-1.6505456948874184
-0.859	-1.6499048167121015
-0.858	-1.6492657163371187
-0.857	-1.6486284031527827
-0.856	-1.647992886604763
-0.855	-1.6473591761944704
-0.854	-1.6467272814794405
-0.853	-1.6460972120737225
-0.852	-1.645468977648273
-0.851	-1.6448425879313482
-0.85	-1.6442180527089032
-0.849	-1.6435953818249973
-0.848	-1.6429745851821933
-0.847	-1.6423556727419697
-0.846	-1.641738654525132
-0.845	-1.6411235406122269
-0.844	-1.640510341143964
-0.843	-1.6398990663216342
-0.842	-1.6392897264075383
-0.841	-1.6386823317254176
-0.84	-1.6380768926608842
-0.839	-1.6374734196618594
-0.838	-1.6368719232390145
-0.837	-1.6362724139662157
-0.836	-1.6356749024809705
-0.835	-1.635079399484881
-0.834	-1.634485915744099
-0.833	-1.6338944620897868
-0.832	-1.6333050494185803
-0.831	-1.6327176886930561
-0.83	-1.6321323909422045
-0.829	-1.6315491672619036
-0.828	-1.6309680288154007
-0.827	-1.6303889868337957
-0.826	-1.6298120526165292
-0.825	-1.6292372375318747
-0.824	-1.6286645530174364
-0.823	-1.6280940105806494
-0.822	-1.6275256217992848
-0.821	-1.6269593983219601
-0.82	-1.6263953518686536
-0.819	-1.6258334942312225
-0.818	-1.6252738372739273
-0.817	-1.624716392933958
-0.816	-1.6241611732219687
-0.815	-1.6236081902226127
-0.814	-1.6230574560950868
-0.813	-1.6225089830736767
-0.8119999999999999	-1.6219627834683077
-0.8109999999999999	-1.6214188696651028
-0.8099999999999999	-1.6208772541269445
-0.8089999999999999	-1.6203379493940395
-0.8079999999999999	-1.6198009680844916
-0.8069999999999999	-1.619266322894876
-0.8059999999999999	-1.6187340266008248
-0.8049999999999999	-1.618204092057611
-0.8039999999999999	-1.617676532200741
-0.8029999999999999	-1.617151360046553
-0.8019999999999999	-1.61662858869282
-0.8009999999999999	-1.616108231319356
-0.8	-1.6155903011886326
-0.7989999999999999	-1.6150748116463964
-0.798	-1.6145617761222946
-0.7969999999999999	-1.6140512081305056
-0.796	-1.6135431212703744
-0.7949999999999999	-1.6130375292270567
-0.794	-1.6125344457721642
-0.7929999999999999	-1.6120338847644209
-0.792	-1.6115358601503205
-0.7909999999999999	-1.611040385964794
-0.79	-1.6105474763318814
-0.7889999999999999	-1.6100571454654087
-0.788	-1.6095694076696734
-0.7869999999999999	-1.6090842773401342
-0.786	-1.6086017689641083
-0.7849999999999999	-1.608121897121475
-0.784	-1.6076446764853858
-0.7829999999999999	-1.60717012182298
-0.782	-1.6066982479961076
-0.7809999999999999	-1.606229069962061
-0.78	-1.6057626027743095
-0.7789999999999999	-1.6052988615832442
-0.778	-1.6048378616369272
-0.7769999999999999	-1.6043796182818495
-0.776	-1.6039241469636965
-0.7749999999999999	-1.6034714632281182
-0.774	-1.603021582721508
-0.7729999999999999	-1.6025745211917901
-0.772	-1.6021302944892135
-0.7709999999999999	-1.6016889185671497
-0.77	-1.6012504094829065
-0.7689999999999999	-1.600814783398539
-0.768	-1.6003820565816786
-0.767	-1.5999522454063613
-0.766	-1.5995253663538687
-0.765	-1.5991014360135751
-0.764	-1.5986804710838058
-0.763	-1.5982624883726972
-0.762	-1.597847504799072
-0.761	-1.597435537393319
-0.76	-1.5970266032982816
-0.759	-1.5966207197701558
-0.758	-1.596217904179397
-0.757	-1.5958181740116333
-0.756	-1.5954215468685915
-0.755	-1.595028040469028
-0.754	-1.5946376726496707
-0.753	-1.5942504613661708
-0.752	-1.5938664246940621
-0.751	-1.5934855808297312
-0.75	-1.5931079480913946
-0.749	-1.592733544920089
-0.748	-1.5923623898806682
-0.747	-1.5919945016628112
-0.746	-1.5916298990820397
-0.745	-1.5912686010807457
-0.744	-1.59091062672923
-0.743	-1.5905559952267483
-0.742	-1.5902047259025707
-0.741	-1.589856838217051
-0.74	-1.5895123517627046
-0.739	-1.5891712862652982
-0.738	-1.5888336615849525
-0.737	-1.5884994977172506
-0.736	-1.5881688147943636
-0.735	-1.587841633086183
-0.734	-1.5875179730014666
-0.733	-1.587197855088993
-0.732	-1.5868813000387316
-0.731	-1.5865683286830228
-0.73	-1.5862589619977672
-0.729	-1.5859532211036316
-0.728	-1.5856511272672627
-0.727	-1.585352701902516
-0.726	-1.585057966571696
-0.725	-1.5847669429868074
-0.724	-1.5844796530108236
-0.723	-1.584196118658962
-0.722	-1.5839163620999748
-0.721	-1.5836404056574562
-0.72	-1.5833682718111572
-0.719	-1.5830999831983177
-0.718	-1.5828355626150095
-0.717	-1.5825750330174968
-0.716	-1.5823184175236047
-0.715	-1.582065739414109
-0.714	-1.5818170221341334
-0.713	-1.581572289294566
-0.712	-1.5813315646734856
-0.711	-1.5810948722176095
-0.71	-1.5808622360437474
-0.709	-1.5806336804402792
-0.708	-1.5804092298686405
-0.707	-1.5801889089648296
-0.706	-1.5799727425409238
-0.705	-1.5797607555866178
-0.704	-1.5795529732707734
-0.703	-1.5793494209429877
-0.702	-1.579150124135177
-0.701	-1.5789551085631754
-0.7	-1.5787644001283527
-0.699	-1.5785780249192487
-0.698	-1.578396009213223
-0.697	-1.5782183794781235
-0.696	-1.5780451623739704
-0.695	-1.5778763847546615
-0.694	-1.5777120736696912
-0.693	-1.5775522563658912
-0.692	-1.5773969602891855
-0.691	-1.5772462130863676
-0.69	-1.5771000426068957
-0.689	-1.5769584769047027
-0.688	-1.5768215442400328
-0.687	-1.57668927308129
-0.6859999999999999	-1.5765616921069112
-0.685	-1.5764388302072563
-0.6839999999999999	-1.5763207164865194
-0.683	-1.5762073802646615
-0.6819999999999999	-1.5760988510793599
-0.681	-1.5759951586879843
-0.6799999999999999	-1.5758963330695857
-0.679	-1.5758024044269152
-0.6779999999999999	-1.5757134031884585
-0.677	-1.5756293600104927
-0.6759999999999999	-1.5755503057791682
-0.675	-1.5754762716126098
-0.6739999999999999	-1.5754072888630395
-0.673	-1.5753433891189268
-0.6719999999999999	-1.5752846042071553
-0.671	-1.5752309661952182
-0.6699999999999999	-1.5751825073934345
-0.669	-1.5751392603571885
-0.6679999999999999	-1.5751012578891965
-0.667	-1.5750685330417922
-0.6659999999999999	-1.575041119119243
-0.665	-1.5750190496800864
-0.6639999999999999	-1.5750023585394943
-0.663	-1.5749910797716606
-0.6619999999999999	-1.574985247712216
-0.661	-1.574984896960667
-0.6599999999999999	-1.574990062382866
-0.659	-1.5750007791135006
-0.6579999999999999	-1.5750170825586127
-0.657	-1.575039008398151
-0.6559999999999999	-1.575066592588539
-0.655	-1.5750998713652815
-0.6539999999999999	-1.575138881245592
-0.653	-1.5751836590310535
-0.6519999999999999	-1.575234241810304
-0.651	-1.5752906669617521
-0.6499999999999999	-1.5753529721563253
-0.649	-1.5754211953602408
-0.6479999999999999	-1.5754953748378144
-0.647	-1.5755755491542909
-0.6459999999999999	-1.5756617571787146
-0.645	-1.5757540380868225
-0.6439999999999999	-1.5758524313639724
-0.643	-1.575956976808102
-0.6419999999999999	-1.5760677145327215
-0.641	-1.5761846849699332
-0.6399999999999999	-1.576307928873491
-0.639	-1.5764374873218847
-0.6379999999999999	-1.5765734017214648
-0.637	-1.5767157138095966
-0.6359999999999999	-1.5768644656578472
-0.635	-1.5770196996752115
-0.6339999999999999	-1.5771814586113668
-0.633	-1.5773497855599663
-0.6319999999999999	-1.5775247239619674
-0.631	-1.577706317608993
-0.6299999999999999	-1.5778946106467302
-0.629	-1.5780896475783672
-0.6279999999999999	-1.5782914732680624
-0.627	-1.5785001329444541
-0.6259999999999999	-1.5787156722042057
-0.625	-1.5789381370155882
-0.624	-1.5791675737221011
-0.623	-1.579404029046132
-0.622	-1.5796475500926526
-0.621	-1.5798981843529571
-0.62	-1.5801559797084364
-0.619	-1.5804209844343922
-0.618	-1.5806932472038944
-0.617	-1.5809728170916728
-0.616	-1.5812597435780553
-0.615	-1.5815540765529421
-0.614	-1.5818558663198239
-0.613	-1.5821651635998384
-0.612	-1.5824820195358735
-0.611	-1.5828064856967072
-0.61	-1.5831386140811916
-0.609	-1.5834784571224816
-0.608	-1.5838260676923026
-0.607	-1.584181499105264
-0.606	-1.5845448051232143
-0.605	-1.5849160399596403
-0.604	-1.5852952582841122
-0.603	-1.585682515226768
-0.602	-1.586077866382846
-0.601	-1.5864813678172611
-0.6	-1.5868930760692235
-0.599	-1.5873130481569049
-0.598	-1.587741341582148
-0.597	-1.5881780143352213
-0.596	-1.5886231248996197
-0.595	-1.5890767322569093
-0.594	-1.5895388958916188
-0.593	-1.5900096757961764
-0.592	-1.5904891324758907
-0.591	-1.5909773269539775
-0.59	-1.5914743207766355
-0.589	-1.5919801760181622
-0.588	-1.59249495528612
-0.587	-1.593018721726544
-0.586	-1.5935515390291979
-0.585	-1.5940934714328758
-0.584	-1.5946445837307446
-0.583	-1.595204941275736
-0.582	-1.595774609985982
-0.581	-1.596353656350293
-0.58	-1.5969421474336813
-0.579	-1.5975401508829306
-0.578	-1.598147734932204
-0.577	-1.5987649684086993
-0.576	-1.5993919207383454
-0.575	-1.6000286619515405
-0.574	-1.6006752626889316
-0.573	-1.6013317942072347
-0.572	-1.6019983283850976
-0.571	-1.6026749377289968
-0.57	-1.603361695379179
-0.569	-1.604058675115636
-0.568	-1.6047659513641184
-0.567	-1.6054835992021845
-0.566	-1.606211694365283
-0.565	-1.6069503132528713
-0.564	-1.6076995329345631
-0.563	-1.6084594311563087
-0.5619999999999999	-1.6092300863466067
-0.5609999999999999	-1.6100115776227373
-0.5599999999999999	-1.6108039847970286
-0.5589999999999999	-1.6116073883831425
-0.558	-1.6124218696023875
-0.5569999999999999	-1.6132475103900465
-0.556	-1.6140843934017295
-0.5549999999999999	-1.614932602019737
-0.554	-1.615792220359439
-0.5529999999999999	-1.616663333275669
-0.552	-1.6175460263691201
-0.5509999999999999	-1.6184403859927523
-0.55	-1.6193464992581996
-0.5489999999999999	-1.6202644540421776
-0.548	-1.6211943389928885
-0.5469999999999999	-1.6221362435364175
-0.546	-1.6230902578831181
-0.5449999999999999	-1.6240564730339833
-0.544	-1.625034980786998
-0.5429999999999999	-1.6260258737434663
-0.542	-1.6270292453143123
-0.5409999999999999	-1.628045189726348
-0.54	-1.6290738020284998
-0.5389999999999999	-1.6301151780979979
-0.538	-1.6311694146465086
-0.5369999999999999	-1.6322366092262184
-0.536	-1.6333168602358514
-0.5349999999999999	-1.6344102669266216
-0.534	-1.6355169294081071
-0.5329999999999999	-1.6366369486540464
-0.532	-1.6377704265080368
-0.5309999999999999	-1.6389174656891436
-0.53	-1.640078169797394
-0.5289999999999999	-1.6412526433191603
-0.528	-1.642440991632414
-0.5269999999999999	-1.6436433210118477
-0.526	-1.6448597386338495
-0.5249999999999999	-1.64609035258132
-0.524	-1.6473352718483214
-0.5229999999999999	-1.6485946063445496
-0.522	-1.649868466899605
-0.5209999999999999	-1.651156965267069
-0.52	-1.6524602141283475
-0.5189999999999999	-1.6537783270962885
-0.518	-1.6551114187185465
-0.5169999999999999	-1.6564596044806799
-0.516	-1.6578230008089647
-0.5149999999999999	-1.6592017250729092
-0.514	-1.6605958955874465
-0.5129999999999999	-1.6620056316147909
-0.512	-1.6634310533659307
-0.5109999999999999	-1.6648722820017428
-0.51	-1.666329439633701
-0.5089999999999999	-1.6678026493241622
-0.508	-1.6692920350861915
-0.5069999999999999	-1.6707977218829195
-0.506	-1.6723198356263855
-0.5049999999999999	-1.6738585031758528
-0.504	-1.6754138523355573
-0.5029999999999999	-1.676986011851863
-0.502	-1.6785751114097847
-0.5009999999999999	-1.6801812816288573
-0.4999999999999999	-1.6818046540582974
-0.499	-1.6834453611714322
-0.49799999999999994	-1.6851035363593538
-0.4969999999999999	-1.6867793139237541
-0.496	-1.6884728290688988
-0.495	-1.6901842178926934
-0.494	-1.6919136173767968
-0.493	-1.6936611653757279
-0.492	-1.6954270006049166
-0.491	-1.6972112626276405
-0.49	-1.6990140918407919
-0.489	-1.7008356294594156
-0.48799999999999993	-1.7026760174999505
-0.487	-1.7045353987621128
-0.486	-1.7064139168093466
-0.485	-1.7083117159477752
-0.484	-1.7102289412035705
-0.483	-1.7121657382986644
-0.482	-1.7141222536247154
-0.481	-1.7160986342152484
-0.48	-1.7180950277158675
-0.47900000000000004	-1.720111582352451
-0.478	-1.7221484468972283
-0.477	-1.7242057706326277
-0.476	-1.7262837033127882
-0.475	-1.7283823951226216
-0.474	-1.7305019966342965
-0.473	-1.7326426587610213
-0.472	-1.7348045327079937
-0.47100000000000003	-1.7369877699203735
-0.47000000000000003	-1.7391925220281363
-0.469	-1.7414189407876501
-0.46799999999999997	-1.7436671780198179
-0.46699999999999997	-1.7459373855446192
-0.46599999999999997	-1.7482297151118689
-0.4649999999999999	-1.7505443183280156
-0.46399999999999997	-1.7528813465787811
-0.46299999999999997	-1.7552409509474427
-0.46199999999999997	-1.7576232821285451
-0.4609999999999999	-1.7600284903368202
-0.45999999999999996	-1.762456725211083
-0.4589999999999999	-1.7649081357128626
-0.4579999999999999	-1.7673828700195104
-0.45699999999999996	-1.7698810754115244
-0.45599999999999996	-1.7724028981538078
-0.45499999999999996	-1.7749484833705729
-0.45399999999999996	-1.7775179749135834
-0.453	-1.7801115152234208
-0.45199999999999996	-1.782729245183436
-0.45099999999999996	-1.7853713039660422
-0.45	-1.7880378288709828
-0.44899999999999995	-1.790728955155196
-0.4479999999999999	-1.7934448158538685
-0.44699999999999995	-1.79618554159228
-0.44599999999999995	-1.798951260387984
-0.44499999999999995	-1.801742097442883
-0.4439999999999999	-1.8045581749247215
-0.44299999999999995	-1.8073996117374986
-0.44199999999999995	-1.8102665232802835
-0.44099999999999995	-1.8131590211938997
-0.4399999999999999	-1.8160772130949048
-0.43899999999999995	-1.8190212022962893
-0.43799999999999994	-1.8219910875142737
-0.43699999999999994	-1.8249869625605706
-0.43599999999999994	-1.8280089160194444
-0.43499999999999994	-1.8310570309088763
-0.43399999999999994	-1.834131384325118
-0.43299999999999994	-1.8372320470698718
-0.43199999999999994	-1.8403590832593353
-0.43099999999999994	-1.843512549914282
-0.42999999999999994	-1.846692496530347
-0.42899999999999994	-1.8498989646276376
-0.42799999999999994	-1.853131987278762
-0.427	-1.8563915886143396
-0.426	-1.8596777833050122
-0.425	-1.8629905760189462
-0.424	-1.8663299608537935
-0.423	-1.869695920742018
-0.422	-1.8730884268284846
-0.421	-1.876507437819158
-0.42	-1.8799528992997327
-0.419	-1.883424743022977
-0.418	-1.8869228861635414
-0.4169999999999999	-1.8904472305389541
-0.416	-1.8939976617954855
-0.415	-1.8975740485575583
-0.414	-1.901176241539314
-0.413	-1.9048040726169682
-0.412	-1.9084573538605267
-0.411	-1.9121358765234484
-0.41	-1.9158394099887994
-0.409	-1.919567700670462
-0.408	-1.9233204708679352
-0.407	-1.92709741757329
-0.40599999999999997	-1.9308982112288284
-0.40499999999999997	-1.934722494434037
-0.40399999999999997	-1.9385698806004485
-0.40299999999999997	-1.9424399525530476
-0.40199999999999997	-1.9463322610769347
-0.40099999999999997	-1.950246323408005
-0.39999999999999997	-1.954181621666487
-0.39899999999999997	-1.9581376012322753
-0.39799999999999996	-1.9621136690611118
-0.39699999999999996	-1.9661091919407907
-0.39599999999999996	-1.970123494686731
-0.39499999999999996	-1.9741558582764167
-0.39399999999999996	-1.9782055179224376
-0.393	-1.9822716610840625
-0.39199999999999996	-1.9863534254175734
-0.39099999999999996	-1.9904498966658475
-0.38999999999999996	-1.9945601064880496
-0.38899999999999996	-1.9986830302306318
-0.38799999999999996	-2.0028175846412704
-0.38699999999999996	-2.0069626255278266
-0.3859999999999999	-2.011116945364921
-0.38499999999999995	-2.0152792708512677
-0.38399999999999995	-2.019448260421535
-0.38299999999999995	-2.0236225017171625
-0.38199999999999995	-2.0278005090212856
-0.38099999999999995	-2.0319807206637335
-0.37999999999999995	-2.036161496402897
-0.37899999999999995	-2.040341114792205
-0.378	-2.0445177705399384
-0.37699999999999995	-2.0486895718721594
-0.376	-2.0528545379096976
-0.375	-2.057010596071299
-0.374	-2.0611555795163548
-0.373	-2.0652872246419394
-0.372	-2.0694031686503043
-0.371	-2.0735009472044297
-0.37	-2.0775779921907476
-0.369	-2.081631629609711
-0.368	-2.0856590776164685
-0.367	-2.0896574447355087
-0.366	-2.093623728274753
-0.365	-2.0975548129661914
-0.364	-2.101447469861691
-0.363	-2.1052983555141482
-0.362	-2.1091040114755497
-0.361	-2.112860864144861
-0.36	-2.1165652249997837
-0.359	-2.120213291247423
-0.358	-2.123801146929692
-0.357	-2.1273247645197264
-0.356	-2.1307800070458254
-0.355	-2.1341626307792403
-0.354	-2.1374682885215663
-0.353	-2.1406925335265123
-0.352	-2.143830824089262
-0.351	-2.1468785288346375
-0.35	-2.14983093273259
-0.349	-2.1526832438663184
-0.348	-2.155430600974355
-0.347	-2.158068081783368
-0.346	-2.1605907121431023
-0.345	-2.1629934759688694
-0.344	-2.165271325990243
-0.34299999999999997	-2.167419195297236
-0.34199999999999997	-2.1694320096671516
-0.34099999999999997	-2.171304700646667
-0.33999999999999997	-2.173032219354532
-0.33899999999999997	-2.174609550960679
-0.33799999999999997	-2.1760317297876237
-0.33699999999999997	-2.177293854969963
-0.33599999999999997	-2.178391106597631
-0.33499999999999996	-2.179318762258615
-0.33399999999999996	-2.1800722138871365
-0.33299999999999996	-2.1806469848141568
-0.33199999999999996	-2.1810387469086145
-0.33099999999999996	-2.181243337690242
-0.32999999999999996	-2.1812567772884104
-0.32899999999999996	-2.1810752851163153
-0.32799999999999996	-2.180695296126184
-0.32699999999999996	-2.180113476509224
-0.32599999999999996	-2.179326738703808
-0.32499999999999996	-2.1783322555771156
-0.32399999999999995	-2.177127473649071
-0.32299999999999995	-2.175710125233072
-0.32199999999999995	-2.174078239375604
-0.32099999999999995	-2.1722301514863456
-0.31999999999999995	-2.1701645115616905
-0.31899999999999995	-2.167880290917577
-0.31799999999999995	-2.1653767873619416
-0.31699999999999995	-2.1626536287527762
-0.31599999999999995	-2.1597107749043687
-0.31499999999999995	-2.1565485178215975
-0.31399999999999995	-2.1531674802598157
-0.31299999999999994	-2.1495686126255342
-0.31199999999999994	-2.1457531882505507
-0.31099999999999994	-2.1417227970889923
-0.30999999999999994	-2.137479337902705
-0.30899999999999994	-2.1330250090151854
-0.30799999999999994	-2.1283622977276972
-0.30699999999999994	-2.12349396850295
-0.30599999999999994	-2.1184230500318035
-0.30499999999999994	-2.113152821306562
-0.30399999999999994	-2.107686796830645
-0.30299999999999994	-2.1020287110986002
-0.30199999999999994	-2.0961825024826792
-0.30099999999999993	-2.0901522966625006
-0.29999999999999993	-2.0839423897328397
-0.2989999999999999	-2.077557231121405
-0.2979999999999999	-2.0710014064437257
-0.29699999999999993	-2.0642796204162117
-0.29599999999999993	-2.0573966799411854
-0.2949999999999999	-2.05035747746948
-0.2939999999999999	-2.043166974737194
-0.29299999999999987	-2.035830186963662
-0.2919999999999999	-2.0283521675877805
-0.29099999999999987	-2.02073799360971
-0.2899999999999999	-2.012992751594897
-0.2889999999999999	-2.005121524387331
-0.2879999999999999	-1.9971293785693232
-0.287	-1.989021352695746
-0.286	-1.980802446321895
-0.28500000000000003	-1.9724776098358967
-0.284	-1.9640517350990059
-0.28300000000000003	-1.9555296468901793
-0.28200000000000003	-1.9469160951451296
-0.28099999999999997	-1.9382157479745172
-0.27999999999999997	-1.9294331854411562
-0.27899999999999997	-1.9205728940719664
-0.27799999999999997	-1.9116392620769929
-0.27699999999999997	-1.9026365752449652
-0.27599999999999997	-1.8935690134826786
-0.275	-1.8844406479638258
-0.27399999999999997	-1.8752554388517264
-0.27299999999999996	-1.8660172335597693
-0.272	-1.8567297655130592
-0.271	-1.8473966533748845
-0.26999999999999996	-1.8380214007020483
-0.26899999999999996	-1.8286073959937625
-0.2679999999999999	-1.819157913099759
-0.26699999999999996	-1.8096761119543945
-0.26599999999999996	-1.8001650396047557
-0.26499999999999996	-1.7906276315022385
-0.26399999999999996	-1.7810667130284974
-0.26299999999999996	-1.7714850012282564
-0.2619999999999999	-1.7618851067230406
-0.261	-1.7522695357815277
-0.25999999999999995	-1.7426406925237907
-0.25899999999999995	-1.7330008812383424
-0.258	-1.7233523087924112
-0.2569999999999999	-1.7136970871174482
-0.2559999999999999	-1.7040372357533151
-0.255	-1.694374684436019
-0.254	-1.6847112757152367
-0.253	-1.675048767589154
-0.25200000000000006	-1.6653888361453602
-0.251	-1.655733078197699
-0.25	-1.6460830139100775
-0.24899999999999997	-1.6364400893991984
-0.248	-1.6268056793091858
-0.24699999999999994	-1.6171810893519027
-0.246	-1.6075675588075928
-0.24499999999999997	-1.597966262981211
-0.244	-1.5883783156105165
-0.243	-1.5788047712225919
-0.24200000000000002	-1.5692466274360637
-0.24099999999999996	-1.5597048272067968
-0.24	-1.550180261015317
-0.23899999999999996	-1.5406737689946282
-0.23799999999999993	-1.531186142997502
-0.23699999999999996	-1.5217181286026245
-0.23599999999999993	-1.5122704270593206
-0.23499999999999996	-1.5028436971708394
-0.23399999999999993	-1.49343855711641
-0.23299999999999998	-1.4840555862125127
-0.23199999999999998	-1.4746953266139755
-0.23099999999999998	-1.465358284955683
-0.22999999999999995	-1.4560449339358015
-0.22899999999999995	-1.446755713841562
-0.22799999999999995	-1.4374910340187315
-0.22699999999999992	-1.4282512742859883
-0.22599999999999995	-1.4190367862954882
-0.22499999999999998	-1.409847894840946
-0.224	-1.400684899114638
-0.22299999999999998	-1.3915480739147041
-0.22199999999999998	-1.3824376708042134
-0.22099999999999997	-1.3733539192234137
-0.21999999999999997	-1.3642970275566377
-0.219	-1.3552671841553028
-0.21799999999999997	-1.3462645583184536
-0.21699999999999997	-1.3372893012322837
-0.216	-1.3283415468700441
-0.21499999999999994	-1.3194214128537403
-0.214	-1.3105290012789934
-0.21299999999999994	-1.301664399504403
-0.21199999999999994	-1.2928276809067454
-0.21099999999999997	-1.2840189056032776
-0.21	-1.275238121142423
-0.20899999999999994	-1.2664853631640518
-0.20799999999999996	-1.2577606560305532
-0.207	-1.2490640134298527
-0.20599999999999993	-1.240395438951502
-0.205	-1.2317549266369283
-0.20399999999999996	-1.2231424615048876
-0.20299999999999993	-1.2145580200531612
-0.20199999999999999	-1.2060015707374572
-0.20099999999999996	-1.1974730744284774
-0.19999999999999993	-1.1889724848480727
-0.19899999999999998	-1.1804997489853615
-0.19799999999999993	-1.1720548074936576
-0.19699999999999998	-1.163637595069052
-0.19599999999999992	-1.155248040811403
-0.19499999999999998	-1.1468860685685232
-0.19399999999999995	-1.1385515972642704
-0.19299999999999998	-1.130244541211264
-0.19199999999999998	-1.1219648104088753
-0.19099999999999992	-1.1137123108271598
-0.18999999999999992	-1.1054869446773397
-0.18899999999999995	-1.0972886106694275
-0.18799999999999994	-1.0891172042575716
-0.18699999999999994	-1.0809726178736632
-0.18599999999999997	-1.0728547411497271
-0.18499999999999994	-1.064763461129602
-0.18399999999999994	-1.0566986624703882
-0.18299999999999994	-1.048660227634121
-0.1819999999999999	-1.0406480370701148
-0.1809999999999999	-1.0326619693883947
-0.17999999999999994	-1.0247019015246217
-0.17899999999999996	-1.0167677088968956
-0.17799999999999994	-1.0088592655548023
-0.17699999999999996	-1.000976444321071
-0.1759999999999999	-1.05417686371066
-0.17499999999999996	-1.1967035062786964
-0.17400000000000002	-1.270532940578842
-0.17300000000000001	-1.3264547680970502
-0.17199999999999996	-1.372892396584658
-0.17099999999999999	-1.4132242509771238
-0.16999999999999998	-1.4492099028408585
-0.16899999999999998	-1.4819035559266944
-0.168	-1.5119956240889794
-0.167	-1.5399672124406323
-0.166	-1.5661693070931286
-0.16499999999999995	-1.5908671805097592
-0.16399999999999998	-1.6142670388390838
-0.16299999999999998	-1.6365328868234095
-0.16199999999999995	-1.657797669962953
-0.161	-1.6781709014243118
-0.15999999999999998	-1.697744040483147
-0.159	-1.7165943828286063
-0.158	-1.7347879367550076
-0.15699999999999995	-1.752381590572306
-0.15599999999999994	-1.7694247735587798
-0.15499999999999994	-1.7859607478951345
-0.15399999999999994	-1.8020276270173199
-0.153	-1.8176591879696717
-0.15199999999999994	-1.8328855264622177
-0.15099999999999994	-1.8477335902919043
-0.15	-1.8622276176144308
-0.149	-1.8763894999992492
-0.14799999999999996	-1.8902390854484379
-0.14699999999999996	-1.903794433069116
-0.14599999999999996	-1.9170720284924183
-0.14499999999999996	-1.9300869671788052
-0.144	-1.9428531112647822
-0.14299999999999996	-1.9553832244665013
-0.142	-1.9676890886730012
-0.14099999999999996	-1.9797816051723731
-0.13999999999999996	-1.9916708829113627
-0.13899999999999996	-2.0033663157583197
-0.13799999999999996	-2.014876650395564
-0.13699999999999993	-2.026210046190805
-0.13599999999999998	-2.037374128173551
-0.13499999999999995	-2.0483760340605754
-0.13399999999999992	-2.0592224561255605
-0.13299999999999992	-2.0699196785856424
-0.13199999999999998	-2.08047361107636
-0.13099999999999992	-2.0908898187024825
-0.12999999999999995	-2.101173549082052
-0.12899999999999995	-2.111329756742288
-0.12799999999999997	-2.12136312517656
-0.12699999999999992	-2.131278086829912
-0.12599999999999997	-2.1410788412453066
-0.12499999999999997	-2.1507693715726064
-0.12399999999999993	-2.1603534596166902
-0.12299999999999994	-2.1698346995790954
-0.12199999999999993	-2.179216510628686
-0.12099999999999993	-2.18850214842059
-0.11999999999999994	-2.197694715668575
-0.11899999999999994	-2.206797171863849
-0.11799999999999995	-2.2158123422227014
-0.11699999999999997	-2.224742925936165
-0.11599999999999995	-2.2335915037868244
-0.11499999999999995	-2.242360545190875
-0.11399999999999995	-2.251052414717321
-0.11299999999999992	-2.259669378130781
-0.11199999999999997	-2.2682136079995847
-0.11099999999999997	-2.276687188906599
-0.11	-2.2850921222964837
-0.10899999999999997	-2.2934303309897612
-0.10799999999999996	-2.301703663391145
-0.10699999999999997	-2.309913897416924
-0.10599999999999996	-2.3180627441638797
-0.10499999999999997	-2.3261518513401347
-0.104	-2.334182806476435
-0.10299999999999997	-2.3421571399347183
-0.10199999999999998	-2.350076327729311
-0.10099999999999999	-2.3579417941747463
-0.1	-2.3657549143729892
-0.09899999999999998	-2.3735170165517334
-0.09799999999999999	-2.381229384264497
-0.09699999999999999	-2.388893258462293
-0.096	-2.396509839445884
-0.095	-2.404080288706881
-0.09399999999999997	-2.4116057306652814
-0.09299999999999996	-2.4190872543104422
-0.09199999999999998	-2.4265259147519362
-0.09099999999999994	-2.4339227346862313
-0.08999999999999997	-2.441278705784678
-0.08899999999999998	-2.448594790007896
-0.08799999999999997	-2.4558719208512234
-0.08699999999999994	-2.4631110045256004
-0.08599999999999998	-2.4703129210778925
-0.08499999999999998	-2.4774785254544076
-0.08399999999999994	-2.484608648511047
-0.08299999999999995	-2.4917040979733374
-0.08199999999999999	-2.4987656593493246
-0.08099999999999997	-2.5057940967981116
-0.07999999999999996	-2.512790153956648
-0.07899999999999997	-2.5197545547271747
-0.07799999999999997	-2.5266880040275934
-0.07699999999999999	-2.53359118850686
-0.07599999999999998	-2.5404647772273603
-0.07499999999999998	-2.5473094223161197
-0.07399999999999995	-2.55412575958656
-0.07299999999999997	-2.560914409132401
-0.07199999999999995	-2.5676759758952334
-0.07099999999999997	-2.574411050207163
-0.06999999999999997	-2.581120208309844
-0.06899999999999992	-2.5878040128511675
-0.06799999999999996	-2.59446301336073
-0.06699999999999992	-2.6010977467052356
-0.06599999999999998	-2.6077087375247996
-0.06499999999999996	-2.6142964986511665
-0.06399999999999997	-2.6208615315087407
-0.06299999999999997	-2.627404326499278
-0.06199999999999997	-2.633925363371063
-0.06099999999999995	-2.6404251115733235
-0.059999999999999915	-2.646904030596603
-0.05899999999999993	-2.6533625702997736
-0.05799999999999993	-2.6598011712243235
-0.05699999999999994	-2.6662202648965283
-0.05599999999999991	-2.672620274118082
-0.05499999999999991	-2.679001613245707
-0.05399999999999994	-2.685364688460287
-0.05299999999999994	-2.691709898025979
-0.05199999999999995	-2.698037632539777
-0.050999999999999955	-2.70434827517195
-0.049999999999999926	-2.71064220189778
-0.048999999999999905	-2.716919781720978
-0.04799999999999992	-2.7231813768891504
-0.046999999999999965	-2.7294273431016673
-0.04599999999999998	-2.7356580297102715
-0.04499999999999996	-2.741873779912728
-0.04399999999999997	-2.7480749309398345
-0.04299999999999997	-2.754261814236064
-0.041999999999999996	-2.7604347556341193
-0.04099999999999997	-2.766594075523652
-0.03999999999999999	-2.772740089014392
-0.038999999999999965	-2.7788731060939265
-0.03799999999999997	-2.7849934317803497
-0.03699999999999999	-2.79110136626999
-0.03599999999999999	-2.797197205080423
-0.034999999999999955	-2.8032812391889594
-0.033999999999999975	-2.809353755166793
-0.03299999999999999	-2.8154150353089915
-0.031999999999999994	-2.82146535776048
-0.03099999999999999	-2.827504996638197
-0.029999999999999964	-2.8335342221495576
-0.028999999999999984	-2.8395533007073874
-0.02799999999999997	-2.845562495041454
-0.02699999999999998	-2.8515620643067314
-0.02599999999999997	-2.857552264188531
-0.024999999999999946	-2.8635333470046134
-0.023999999999999983	-2.8695055618044027
-0.022999999999999982	-2.8754691544654176
-0.021999999999999943	-2.881424367787012
-0.020999999999999963	-2.8873714415815552
-0.01999999999999998	-2.89331061276312
-0.01899999999999994	-2.8992421154337884
-0.01799999999999995	-2.905166180967669
-0.01699999999999998	-2.9110830380927037
-0.01599999999999997	-2.9169929129703505
-0.014999999999999963	-2.9228960292732227
-0.013999999999999981	-2.9287926082607636
-0.01299999999999994	-2.9346828688530247
-0.011999999999999953	-2.940567027702624
-0.01099999999999993	-2.946445299264948
-0.009999999999999957	-2.952317895866671
-0.008999999999999932	-2.958185027772642
-0.007999999999999969	-2.96404690325121
-0.006999999999999967	-2.9699037286380507
-0.0059999999999999455	-2.975755708398527
-0.004999999999999944	-2.9816030451886704
-0.003999999999999939	-2.987445939914815
-0.0029999999999999315	-2.9932845917919324
-0.00199999999999994	-2.9991191984007295
-0.0009999999999999224	-3.00494995574355
9.64327466553287e-17	-3.0107770582991216
0.001000000000000073	-3.016600699076195
0.0020000000000000265	-3.0224210696661205
0.003000000000000102	-3.0282383602944005
0.004000000000000041	-3.034052759871251
0.005000000000000029	-3.0398644560412285
0.006000000000000035	-3.0456736352319345
0.0070000000000000505	-3.051480482701858
0.00800000000000007	-3.0572851825873686
0.009000000000000093	-3.063087917948916
0.01000000000000008	-3.068888870816447
0.011000000000000018	-3.0746882222340877
0.01200000000000011	-3.080486152304119
0.01300000000000006	-3.0862828402302607
0.014000000000000077	-3.09207846436032
0.01500000000000003	-3.097873202228202
0.016000000000000035	-3.1036672305953448
0.017000000000000046	-3.1094607254915636
0.018000000000000033	-3.1152538622553685
0.019	-3.1210468155737665
0.02000000000000003	-3.1268397595215593
0.021000000000000005	-3.1326328676001864
0.022000000000000058	-3.1384263127761147
0.022999999999999975	-3.144220267518814
0.024	-3.1500149038383354
0.025	-3.1558103933225015
0.026000000000000054	-3.1616069071737583
0.027000000000000027	-3.1674046162456833
0.028000000000000042	-3.173203691079183
0.02900000000000002	-3.179004301938404
0.03	-3.184806618846364
0.031000000000000014	-3.1906108116203353
0.03200000000000002	-3.1964170499069966
0.03300000000000001	-3.202225503217367
0.034000000000000016	-3.2080363409615513
0.03500000000000001	-3.213849732483302
0.03600000000000001	-3.2196658470944297
0.03700000000000006	-3.22548485410907
0.038000000000000034	-3.23130692287783
0.039000000000000035	-3.2371322228218333
0.04000000000000003	-3.2429609234666734
0.04100000000000001	-3.2487931944763018
0.04200000000000001	-3.254629205686865
0.04300000000000007	-3.2604691271405066
0.04400000000000006	-3.266313129119148
0.04500000000000007	-3.272161382178279
0.046000000000000055	-3.278014057180754
0.047000000000000014	-3.283871325330627
0.04800000000000001	-3.2897333582070427
0.04900000000000005	-3.295600327798183
0.05000000000000005	-3.301472406535311
0.05100000000000006	-3.307349767326906
0.05200000000000004	-3.313232583592924
0.053000000000000005	-3.3191210292991906
0.054	-3.3250152789919487
0.055000000000000014	-3.3309155078325707
0.05600000000000001	-3.336821891632465
0.057000000000000044	-3.342734606888181
0.05800000000000002	-3.3486538308167417
0.05900000000000007	-3.3545797413912073
0.060000000000000026	-3.3605125173765065
0.06100000000000001	-3.3664523383655367
0.06200000000000003	-3.372399384815559
0.063	-3.3783538380849083
0.06400000000000007	-3.3843158804700284
0.06500000000000003	-3.390285695242863
0.06600000000000003	-3.396263466688611
0.067	-3.402249380143877
0.06800000000000009	-3.40824362203522
0.06900000000000002	-3.4142463799181337
0.07000000000000008	-3.420257842516487
0.07100000000000006	-3.426278199762416
0.07200000000000004	-3.4323076428367187
0.07300000000000001	-3.438346364209758
0.07400000000000004	-3.4443945576829025
0.07500000000000002	-3.450452418430519
0.07600000000000003	-3.456520143042548
0.07700000000000003	-3.462597929567685
0.07800000000000007	-3.468685977557185
0.07900000000000007	-3.4747844881093215
0.08000000000000002	-3.4808936639145194
0.08100000000000004	-3.4870137093012006
0.08200000000000009	-3.4931448302823407
0.08300000000000005	-3.4992872346028037
0.084	-3.5054411317874408
0.08500000000000002	-3.5116067331900194
0.08600000000000006	-3.5177842520429747
0.08700000000000006	-3.5239739035080517
0.08800000000000004	-3.530175904727837
0.08900000000000007	-3.5363904748782278
0.09000000000000002	-3.542617835221869
0.09100000000000004	-3.5488582091625887
0.09200000000000005	-3.5551118223008675
0.09300000000000001	-3.561378902490381
0.094	-3.567659679895643
0.09500000000000004	-3.573954387050796
0.096	-3.580263258919583
0.09700000000000006	-3.5865865329565474
0.09800000000000005	-3.592924449169484
0.09900000000000007	-3.599277250183208
0.10000000000000002	-3.60564518130467
0.101	-3.612028490589464
0.10200000000000005	-3.6184274289097798
0.10300000000000005	-3.624842250023842
0.10400000000000004	-3.6312732106468957
0.10500000000000007	-3.637720570523776
0.10600000000000001	-3.644184592503126
0.10700000000000005	-3.6506655426133148
0.10800000000000004	-3.65716369014011
0.10900000000000008	-3.6636793077061647
0.11000000000000003	-3.6702126713523864
0.11100000000000008	-3.676764060621239
0.11200000000000003	-3.683333758642053
0.11300000000000003	-3.689922052218407
0.11400000000000006	-3.6965292319176535
0.11500000000000006	-3.703155592162654
0.11600000000000006	-3.709801431325815
0.11700000000000008	-3.716467051825483
0.11800000000000008	-3.723152760224791
0.11900000000000002	-3.7298588673330415
0.12000000000000005	-3.7365856883097113
0.12100000000000007	-3.743333542771159
0.12200000000000005	-3.7501027549001456
0.12300000000000004	-3.7568936535582544
0.12400000000000007	-3.763706572401316
0.12500000000000006	-3.770541849997939
0.12600000000000008	-3.777399829951262
0.12700000000000003	-3.7842808610240364
0.12800000000000006	-3.791185297267162
0.12900000000000003	-3.7981134981517863
0.13000000000000006	-3.8050658287051196
0.13100000000000006	-3.8120426596500687
0.13200000000000003	-3.819044367548854
0.13300000000000003	-3.826071334950737
0.1340000000000001	-3.833123950544019
0.13500000000000006	-3.8402026093124553
0.13600000000000007	-3.8473077126962676
0.13700000000000004	-3.8544396687578955
0.138	-3.8615988923527005
0.13900000000000004	-3.8687858053047686
0.14000000000000004	-3.8760008365880343
0.14100000000000007	-3.8832444225129126
0.14200000000000004	-3.890517006918651
0.14300000000000004	-3.897819041371622
0.14400000000000002	-3.905150985369777
0.14500000000000002	-3.9125133065535196
0.14600000000000007	-3.9199064809232227
0.14700000000000008	-3.927330993063666
0.14800000000000002	-3.934787336375665
0.14900000000000008	-3.942276013315175
0.15000000000000002	-3.949797535640156
0.15100000000000002	-3.9573524246655407
0.15200000000000008	-3.9649412115265927
0.15300000000000002	-3.9725644374510307
0.15400000000000005	-3.9802226540402588
0.15500000000000003	-3.9879164235600784
0.15600000000000003	-3.9956463192412848
0.15700000000000003	-4.003412925590547
0.158	-4.011216838712017
0.15900000000000003	-4.019058666640104
0.16000000000000006	-4.026939029683914
0.16100000000000006	-4.034858560783827
0.16200000000000006	-4.0428179058807565
0.163	-4.05081772429863
0.164	-4.058858689140676
0.165	-4.066941487700124
0.16600000000000004	-4.075066821885953
0.16700000000000007	-4.083235408664373
0.16800000000000007	-4.091447980516729
0.16900000000000007	-4.099705285914596
0.17000000000000007	-4.108008089812832
0.171	-4.116357174161422
0.17200000000000007	-4.12475333843699
0.17300000000000004	-4.133197400194894
0.17400000000000002	-4.141690195642872
0.17500000000000007	-4.150232580237268
0.17600000000000007	-4.158825429302913
0.17700000000000007	-4.1674696386778125
0.17800000000000005	-4.176166125383829
0.17900000000000002	-4.184915828324651
0.18000000000000008	-4.193719709012393
0.18100000000000002	-4.202578752324246
0.18200000000000002	-4.211493967290698
0.18300000000000005	-4.220466387916909
0.18400000000000005	-4.229497074038965
0.18500000000000003	-4.238587112216764
0.18600000000000008	-4.247737616665483
0.18700000000000003	-4.256949730227618
0.18800000000000003	-4.26622462538775
0.18900000000000003	-4.275563505332325
0.19000000000000003	-4.2849676050568695
0.1910000000000001	-4.2944381925231925
0.1920000000000001	-4.303976569869365
0.193	-4.3135840746753376
0.19400000000000006	-4.323262081287355
0.19500000000000006	-4.333012002204431
0.19600000000000006	-4.342835289530462
0.19700000000000006	-4.352733436495707
0.19800000000000004	-4.362707979051684
0.19900000000000004	-4.372760497543765
0.20000000000000004	-4.3828926184660695
0.201	-4.393106016303569
0.202	-4.403402415466654
0.20300000000000004	-4.413783592323809
0.20400000000000001	-4.424251377338424
0.20500000000000004	-4.4348076573162185
0.20600000000000004	-4.445454377770215
0.20700000000000005	-4.456193545410759
0.20800000000000005	-4.467027230768566
0.20900000000000002	-4.477957570959453
0.21000000000000008	-4.488986772600031
0.21100000000000008	-4.500117114884372
0.21200000000000005	-4.511350952832429
0.21300000000000008	-4.522690720721878
0.21400000000000005	-4.5341389357159105
0.21500000000000008	-4.545698201700621
0.21600000000000003	-4.557371213346649
0.21700000000000005	-4.5691607604110285
0.21800000000000003	-4.581069732296473
0.21900000000000008	-4.593101122886842
0.22000000000000006	-4.605258035679096
0.22100000000000003	-4.617543689233846
0.2220000000000001	-4.629961422968525
0.22300000000000006	-4.642514703319372
0.22400000000000003	-4.655207130300777
0.22500000000000006	-4.668042444493131
0.22600000000000003	-4.681024534493231
0.22700000000000004	-4.694157444864495
0.22800000000000004	-4.707445384627756
0.22900000000000006	-4.720892736337377
0.23000000000000007	-4.734504065791774
0.231	-4.748284132432344
0.232	-4.762237900490191
0.23300000000000004	-4.776370550946143
0.23400000000000007	-4.790687494376323
0.23500000000000001	-4.805194384763159
0.23600000000000004	-4.819897134360227
0.23700000000000004	-4.8348019297089415
0.23800000000000004	-4.849915248915883
0.23900000000000005	-4.865243880311748
0.24000000000000002	-4.880794942626679
0.24100000000000005	-4.896575906832279
0.24200000000000005	-4.912594619818366
0.24300000000000002	-4.928859330092536
0.24400000000000005	-4.9453787157135745
0.24500000000000008	-4.962161914695826
0.24600000000000005	-4.979218558151571
0.24700000000000005	-4.996558806472749
0.24800000000000003	-5.014193388892719
0.24900000000000005	-5.032133646814259
0.25000000000000006	-5.050391581342387
0.25100000000000006	-5.068979905521422
0.25200000000000006	-5.087912101846263
0.25300000000000006	-5.107202485700124
0.25400000000000006	-5.126866275467052
0.25500000000000006	-5.146919670180129
0.25600000000000006	-5.167379935698701
0.257	-5.1882655005641665
0.258	-5.209596062868738
0.259	-5.231392709691343
0.26	-5.253678050916863
0.261	-5.276476369568698
0.262	-5.299813791161974
0.263	-5.32371847504044
0.264	-5.348220831212976
0.265	-5.373353766879685
0.266	-5.399152967663439
0.267	-5.425657219580084
0.268	-5.4529087790407385
0.269	-5.480953799749967
0.27	-5.509842827332637
0.271	-5.539631375007671
0.272	-5.570380596786098
0.273	-5.602158078716601
0.274	-5.635038773924265
0.275	-5.669106113986989
0.276	-5.70445333812539
0.277	-5.741185093529318
0.278	-5.779419376024122
0.279	-5.8192899018055595
0.28	-5.860949030507651
0.281	-5.904571400929439
0.28200000000000003	-5.950358498656219
0.28300000000000003	-5.998544457767271
0.28400000000000003	-6.0494035197129
0.28500000000000003	-6.103259751973321
0.28600000000000003	-6.160499901355746
0.28700000000000003	-6.2215906793492
0.28800000000000003	-6.287102450180362
0.28900000000000003	-6.357742396864959
0.29000000000000004	-6.434402114958296
0.29100000000000004	-6.518227889385372
0.29200000000000004	-6.610728007148146
0.29300000000000004	-6.713943316685234
0.29400000000000004	-6.83073181570168
0.29500000000000004	-6.965273073789054
0.29600000000000004	-7.124034154712795
0.29700000000000004	-7.317819687376611
0.29800000000000004	-7.566801473889507
0.29900000000000004	-7.9159490912046335
0.30000000000000004	-8.506519530948657
0.30100000000000005	-11.579321571569533