0.01	-0.0015286357234074453
0.010023052380778994	-0.0015356942502354962
0.010046157902783952	-0.001542785382411646
0.01006931668851804	-0.0015499092706636095
0.010092528860766845	-0.0015570660664127847
0.010115794542598982	-0.0015642559217887218
0.010139113857366794	-0.0015714789896221504
0.010162486928706953	-0.0015787354234526223
0.010185913880541169	-0.001586025377528219
0.010209394837076797	-0.001593349006812162
0.010232929922807542	-0.0016007064669865763
0.010256519262514073	-0.001608097914455114
0.010280162981264735	-0.0016155235063433947
0.010303861204416159	-0.0016229834005033455
0.010327614057613975	-0.0016304777555230536
0.010351421666793436	-0.001638006730718242
0.010375284158180127	-0.001645570486146645
0.01039920165829059	-0.0016531691826067695
0.010423174293933041	-0.001660802981645661
0.010447202192207999	-0.0016684720455442418
0.010471285480508996	-0.0016761765373526163
0.01049542428652322	-0.001683916620868661
0.01051961873823223	-0.0016916924606435024
0.010543868963912587	-0.001699504221996981
0.010568175092136586	-0.001707352071014633
0.010592537251772886	-0.0017152361745471979
0.010616955571987247	-0.0017231567002196067
0.010641430182243158	-0.0017311138164366137
0.010665961212302578	-0.0017391076923757084
0.010690548792226577	-0.0017471384980077224
0.010715193052376065	-0.0017552064040804185
0.010739894123412445	-0.0017633115821402271
0.010764652136298349	-0.0017714542045222158
0.010789467222298286	-0.0017796344443665663
0.01081433951297938	-0.0017878524756080756
0.010839269140212033	-0.0017961084729933663
0.010864256236170655	-0.0018044026120734836
0.010889300933334333	-0.0018127350692142747
0.010914403364487566	-0.0018211060216035862
0.010939563662720937	-0.001829515647239174
0.01096478196143185	-0.0018379641249564773
0.010990058394325208	-0.0018464516344082324
0.01101539309541415	-0.0018549783560857969
0.011040786199020729	-0.0018635444713135658
0.011066237839776664	-0.001872150162256672
0.01109174815262401	-0.0018807956119270297
0.011117317272815914	-0.0018894810041812026
0.011142945335917299	-0.0018982065237266388
0.011168632477805612	-0.0019069723561296323
0.011194378834671514	-0.0019157786878163852
0.011220184543019636	-0.0019246257060728691
0.011246049739669263	-0.001933513599055825
0.011271974561755105	-0.001942442555790791
0.011297959146727977	-0.0019514127661855655
0.011324003632355572	-0.0019604244210227407
0.01135010815672315	-0.001969477711969576
0.01137627285823431	-0.0019785728315808407
0.011402497875611685	-0.0019877099733063993
0.011428783347897719	-0.0019968893314886702
0.011455129414455355	-0.002006111101374655
0.01148153621496883	-0.0020153754791119405
0.011508003889444356	-0.0020246826617610933
0.011534532578210924	-0.0020340328472926695
0.011561122421920988	-0.0020434262345971066
0.011587773561551261	-0.002052863023485261
0.011614486138403426	-0.0020623434146903987
0.011641260294104915	-0.002071867609887928
0.011668096170609623	-0.002081435811673182
0.011694993910198712	-0.0020910482235887164
0.011721953655481303	-0.0021007050501183995
0.011748975549395297	-0.0021104064966965433
0.011776059735208072	-0.0021201527697051305
0.011803206356517298	-0.0021299440764857543
0.011830415557251646	-0.00213978062534215
0.011857687481671602	-0.002149662625536186
0.011885022274370183	-0.0021595902873085826
0.01191242008027375	-0.0021695638218748913
0.011939881044642732	-0.002179583441420788
0.011967405313072436	-0.0021896493591200173
0.011994993031493787	-0.0021997617891399432
0.012022644346174132	-0.0022099209466328704
0.012050359403717974	-0.002220127047754965
0.012078138351067804	-0.002230380309657708
0.012105981335504822	-0.0022406809505031585
0.012133888504649774	-0.0022510291894656956
0.012161860006463679	-0.002261425246734753
0.012189895989248667	-0.002271869343519985
0.012217996601648717	-0.002282361702056779
0.01224616199265049	-0.0022929025456112626
0.012274392311584071	-0.0023034920984851405
0.012302687708123818	-0.002314130586018732
0.01233104833228909	-0.0023248182345984346
0.012359474334445108	-0.002335555271662506
0.01238796586530369	-0.002346341925697541
0.012416523075924113	-0.0023571784262560367
0.01244514611771385	-0.002368065003950715
0.012473835142429432	-0.002379001890468108
0.0125025903021772	-0.002389989318562049
0.012531411749414162	-0.0024010275220742836
0.012560299636948748	-0.0024121167359238693
0.012589254117941675	-0.002423257196124702
0.012618275345906706	-0.0024344491397827396
0.012647363474711517	-0.0024456928051004617
0.012676518658578455	-0.0024569884313915703
0.012705741052085419	-0.0024683362590756487
0.012735030810166616	-0.002479736529685648
0.012764388088113442	-0.002491189485882058
0.012793813041575246	-0.0025026953714420205
0.012823305826560218	-0.0025142544312804988
0.012852866599436154	-0.002525866911445102
0.012882495516931342	-0.0025375330591228874
0.012912192736135341	-0.002549253122653327
0.012941958414499863	-0.0025610273515215194
0.01297179270983956	-0.00257285599637455
0.013001695780332907	-0.002584739309020185
0.013031667784522994	-0.002596677542434191
0.013061708881318418	-0.002608670950767973
0.01309181922999407	-0.0026207197893500403
0.013121998990192035	-0.0026328243146927395
0.013152248321922383	-0.002644984784502281
0.013182567385564075	-0.002657201457676327
0.013212956341865752	-0.002669474594315635
0.013243415351946643	-0.0026818044557293287
0.013273944577297395	-0.0026941913044362903
0.013304544179780914	-0.002706635404173871
0.01333521432163324	-0.0027191370199074008
0.013365955165464419	-0.0027316964178244387
0.01339676687425935	-0.002744313865354841
0.013427649611378642	-0.002756989631162198
0.013458603540559484	-0.0027697239851676493
0.013489628825916533	-0.0027825171985339935
0.013520725631942771	-0.0027953695436862855
0.013551894123510363	-0.002808281294318106
0.013583134465871541	-0.0028212527253869807
0.013614446824659497	-0.0028342841131305187
0.013645831365889245	-0.002847375735065492
0.013677288255958495	-0.0028605278700008373
0.013708817661648536	-0.002873740798038095
0.01374041975012515	-0.0028870148005780785
0.013772094688939465	-0.0029003501603265037
0.013803842646028852	-0.0029137471613043075
0.01383566378971781	-0.0029272060888469276
0.01386755828871888	-0.002940727229620035
0.013899526312133533	-0.0029543108716164144
0.013931568029453036	-0.0029679573041653316
0.013963683610559377	-0.002981666817943267
0.013995873225726178	-0.0029954397049703706
0.014028137045619582	-0.0030092762586288063
0.014060475241299136	-0.003023176773656925
0.014092887984218748	-0.0030371415461642533
0.01412537544622754	-0.0030511708736388715
0.014157937799570816	-0.0030652650549459087
0.014190575216890919	-0.003079424390334768
0.014223287871228198	-0.003093649181460536
0.014256075936021878	-0.003107939731367442
0.01428893958511103	-0.00312229634451186
0.014321878992735432	-0.0031367193267650547
0.014354894333536561	-0.003151208985417681
0.014387985782558451	-0.003165765629188462
0.014421153515248688	-0.0031803895682267986
0.014454397707459272	-0.003195081114125624
0.014487718535447617	-0.003209840579924137
0.01452111617587742	-0.003224668280114645
0.014554590805819662	-0.0032395645306548424
0.014588142602753481	-0.0032545296489625355
0.014621771744567183	-0.003269563953935816
0.014655478409559114	-0.003284667765952427
0.014689262776438668	-0.003299841406878632
0.014723125024327186	-0.003315085200072855
0.014757065332758947	-0.003330399470405176
0.014791083881682071	-0.0033457845442398594
0.014825180851459537	-0.0033612407494707517
0.014859356422870068	-0.0033767684155104937
0.014893610777109155	-0.0033923678733016977
0.01492794409578996	-0.003408039455324362
0.014962356560944336	-0.003423783495605267
0.014996848355023733	-0.0034396003297203675
0.015031419660900224	-0.0034554902948086674
0.015066070661867418	-0.0034714537295738607
0.015100801541641486	-0.0034874909742951903
0.01513561248436208	-0.003503602370827609
0.015170503674593369	-0.0035197882626242594
0.015205475297324954	-0.0035360489947274926
0.015240527537972915	-0.0035523849137829
0.015275660582380723	-0.003568796368053502
0.015310874616820304	-0.003585283707414169
0.015346169827992941	-0.003601847283370819
0.01538154640303035	-0.0036184874490600683
0.015417004529495591	-0.0036352045592638383
0.01545254439538414	-0.003651998970409906
0.01548816618912481	-0.00366887104058427
0.015523870099580825	-0.0036858211295348227
0.015559656316050743	-0.0037028495986903007
0.015595525028269538	-0.003719956811150757
0.015631476426409538	-0.0037371431317061764
0.015667510701081494	-0.003754408926847624
0.015703628043335523	-0.0037717545647654132
0.015739828644662196	-0.0037891804153629863
0.015776112696993486	-0.0038066868502668744
0.015812480392703835	-0.003824274242825728
0.015848931924611134	-0.003841942968128916
0.01588546748597779	-0.003859693403012325
0.0159220872705117	-0.0038775259260558467
0.01595879147236733	-0.0038954409176099555
0.01599558028614669	-0.003913438759785077
0.016032453906900418	-0.003931519836478915
0.016069412530128772	-0.00394968453336684
0.016106456351782705	-0.0039679332379177765
0.01614358556826486	-0.003986266339411857
0.01618080037643066	-0.004004684228927235
0.0162181009735893	-0.004023187299371076
0.016255487557504843	-0.0040417759454782825
0.016292960326397224	-0.004060450563814385
0.016330519478943345	-0.004079211552794118
0.016368165214278085	-0.004098059312683916
0.016405897731995397	-0.004116994245613448
0.016443717232149314	-0.004136016755585404
0.016481623915255084	-0.004155127248477235
0.01651961798229015	-0.004174326132059999
0.016557699634695285	-0.004193613816004231
0.016595869074375606	-0.004212990711875465
0.016634126503701697	-0.004232457233166353
0.016672472125510627	-0.0042520137952927
0.01671090614310708	-0.004271660815597519
0.016749428760264373	-0.00429139871337087
0.016788040181225608	-0.004311227909854315
0.016826740610704674	-0.004331148828247628
0.016865530253887415	-0.004351161893722214
0.01690440931643264	-0.004371267533430615
0.01694337800447329	-0.004391466176511113
0.016982436524617443	-0.004411758254100653
0.01702158508394951	-0.004432144199343534
0.017060823890031235	-0.0044526244473970895
0.01710015315090288	-0.004473199435454196
0.017139573075084253	-0.004493869602735584
0.017179083871575886	-0.0045146353905043575
0.01721868574986007	-0.004535497242089058
0.01725837891990204	-0.004556455602872878
0.017298163592151014	-0.004577510920319274
0.017338039977541384	-0.0045986636439720825
0.017378008287493755	-0.0046199142254702945
0.017418068733916145	-0.004641263118555484
0.017458221529205037	-0.004662710779082593
0.017498466886246566	-0.0046842576650341725
0.017538805018417612	-0.0047059042365190755
0.01757923613958693	-0.004727650955793585
0.017619760464116292	-0.004749498287267157
0.01766037820686164	-0.004771446697512518
0.01770108958317421	-0.00479349665527516
0.017741894808901662	-0.004815648631485303
0.01778279410038923	-0.004837903099269175
0.017823787674480892	-0.004860260533952343
0.01786487574852051	-0.004882721413081888
0.01790605854035295	-0.004905286216424267
0.017947336268325266	-0.0049279554259854036
0.017988709151287873	-0.004950729526015722
0.01803017740859569	-0.004973609003025204
0.018071741260109277	-0.0049965943457874005
0.018113400926196024	-0.00501968604535591
0.01815515662773135	-0.00504288459507418
0.018197008586099836	-0.005066190490583678
0.018238957023196382	-0.005089604229835531
0.018281002161427428	-0.005113126313107941
0.01832314422371211	-0.005136757243001712
0.018365383433483463	-0.005160497524469567
0.018407720014689564	-0.005184347664813665
0.018450154191794736	-0.0052083081737027605
0.01849268618978078	-0.005232379563183809
0.018535316234148114	-0.005256562347687247
0.01857804455091699	-0.0052808570440493596
0.018620871366628676	-0.005305264171507925
0.018663796908346696	-0.005329784251728237
0.018706821403658005	-0.005354417808808934
0.018749945080674194	-0.005379165369288845
0.018793168168032684	-0.005404027462168367
0.018836490894898	-0.005429004618908516
0.018879913490962935	-0.005454097373455482
0.01892343618644976	-0.0054793062622454
0.018967059212111465	-0.005504631824213116
0.019010782799232996	-0.005530074600810387
0.019054607179632473	-0.005555635136018308
0.019098532585662388	-0.005581313976348905
0.01914255925021086	-0.005607111670873218
0.01918668740670289	-0.00563302877121652
0.019230917289101587	-0.00565906583158374
0.019275249131909367	-0.005685223408760654
0.01931968317016924	-0.0057115020621413696
0.01936421963946607	-0.005737902353719151
0.01940885877592778	-0.005764424848115489
0.019453600816226622	-0.005791070112592224
0.019498445997580455	-0.005817838717050972
0.019543394557753942	-0.005844731234060471
0.0195884467350599	-0.005871748238855362
0.019633602768360466	-0.005898890309364815
0.01967886289706845	-0.005926158026209706
0.019724227361148535	-0.005953551972724379
0.01976969640111861	-0.0059810727349665456
0.01981527025805098	-0.006008720901731182
0.019860949173573717	-0.006036497064560325
0.019906733389871863	-0.006064401817762823
0.0199526231496888	-0.006092435758422776
0.01999861869632744	-0.006120599486411488
0.020044720273651614	-0.006148893604400482
0.020090928126087277	-0.006177318717878269
0.020137242498623885	-0.0062058754351645
0.020183663636815608	-0.006234564367416263
0.020230191786782717	-0.006263386128650977
0.02027682719521282	-0.0062923413357505115
0.02032357010936222	-0.006321430608480046
0.02037042077705718	-0.00635065456950135
0.020417379446695295	-0.0063800138443877025
0.020464446367246737	-0.0064095090616334794
0.020511621788255656	-0.0064391408526712525
0.020558905959841414	-0.006468909851883768
0.020606299132700005	-0.006498816696624134
0.02065380155810529	-0.006528862027215802
0.020701413487910426	-0.006559046486982352
0.020749135174549096	-0.006589370722253426
0.020796966871036958	-0.006619835382378175
0.020844908830972887	-0.006650441119746546
0.020892961308540396	-0.006681188589790109
0.020941124558508925	-0.00671207845101752
0.020989398836235244	-0.006743111365008028
0.021037784397664752	-0.006774287996434431
0.021086281499332896	-0.006805609013083993
0.021134890398366465	-0.006837075085860724
0.021183611352485022	-0.006868686888813416
0.02123244462000219	-0.006900445099139645
0.02128139045982712	-0.006932350397205562
0.021330449131465763	-0.006964403466561285
0.021379620895022326	-0.006996604993953548
0.021428906011200583	-0.007028955669342909
0.021478304741305344	-0.007061456185919776
0.021527817347243728	-0.0070941072401155035
0.02157744409152667	-0.007126909531622089
0.0216271852372702	-0.0071598637634063345
0.02167704104819695	-0.007192970641727212
0.021727011788637444	-0.007226230876145801
0.02177709772353159	-0.007259645179545191
0.021827299118430014	-0.007293214268147425
0.02187761623949553	-0.00732693886152599
0.021928049353504484	-0.007360819682622179
0.021978598727848252	-0.007394857457767333
0.022029264630534562	-0.007429052916689333
0.022080047330189003	-0.007463406792534185
0.022130947096056376	-0.007497919821879395
0.022181964198002193	-0.007532592744757577
0.02223309890651403	-0.007567426304661084
0.022284351492703042	-0.0076024212485696924
0.022335722228305314	-0.007637578326959083
0.0223872113856834	-0.007672898293821956
0.022438819237827663	-0.007708381906684167
0.022490546058357805	-0.0077440299266184915
0.022542392121524292	-0.007779843118264609
0.022594357702209782	-0.007815822249847835
0.022646443075930594	-0.007851968093192656
0.022698648518838214	-0.00788828142373596
0.022750974307720707	-0.007924763020554943
0.022803420720004186	-0.007961413666373846
0.0228559880337543	-0.007998234147592868
0.022908676527677724	-0.00803522525428978
0.02296148648112362	-0.008072387780251886
0.02301441817408509	-0.008109722522989408
0.02306747188720069	-0.008147230283746407
0.023120647901755942	-0.008184911867529652
0.023173946499684784	-0.008222768083118398
0.023227367963571076	-0.008260799743085386
0.02328091257665008	-0.008299007663812606
0.02333458062281002	-0.00833739266551649
0.02338837238659355	-0.00837595557225574
0.023442288153199226	-0.0084146972119554
0.02349632820848307	-0.00845361841642933
0.023550492838960088	-0.008492720021389979
0.02360478233180577	-0.008532002866473456
0.023659196974857587	-0.008571467795253316
0.023713737056616554	-0.008611115655262505
0.02376840286624876	-0.008650947298017393
0.023823194693586902	-0.008690963579021188
0.02387811282913178	-0.008731165357803184
0.023933157564053877	-0.008771553497918354
0.023988329190194897	-0.008812128866982771
0.024043628000069334	-0.008852892336685061
0.024099054286865956	-0.008893844782802444
0.024154608344449404	-0.008934987085229055
0.024210290467361777	-0.00897632012798962
0.024266100950824154	-0.009017844799262202
0.02432204009073816	-0.009059561991391515
0.024378108183687526	-0.009101472600923526
0.024434305526939714	-0.009143577528606298
0.024490632418447456	-0.009185877679426318
0.02454708915685031	-0.00922837396261776
0.024603676041476275	-0.009271067291689427
0.024660393372343388	-0.009313958584443496
0.024717241450161305	-0.009357048762993328
0.024774220576332863	-0.00940033875378678
0.024831331052955704	-0.009443829487628477
0.024888573182823902	-0.009487521899696181
0.024945947269429548	-0.009531416929565413
0.025003453616964322	-0.009575515521228282
0.025061092530321138	-0.009619818623116096
0.025118864315095794	-0.009664327188121762
0.025176769277588558	-0.009709042173616688
0.025234807724805755	-0.00975396454147388
0.02529297996446145	-0.009799095258097051
0.02535128630497907	-0.009844435294425764
0.02540972705549305	-0.009889985625977633
0.025468302525850417	-0.009935747232853731
0.02552701302661247	-0.009981721099767644
0.02558585886905645	-0.010027908216067957
0.025644840365177175	-0.010074309575756264
0.025703957827688646	-0.0101209261775174
0.025763211570025753	-0.010167759024731859
0.025822601906345957	-0.010214809125507786
0.025882129151530917	-0.010262077492694366
0.02594179362118815	-0.010309565143910827
0.026001595631652722	-0.010357273101573534
0.02606153549998895	-0.01040520239290609
0.026121613543992065	-0.010453354049969842
0.02618183008218985	-0.010501729109693327
0.02624218543384442	-0.01055032861388499
0.026302679918953815	-0.010599153609258286
0.0263633138582538	-0.01064820514746419
0.02642408757321946	-0.010697484285105249
0.02648500138606701	-0.01074699208375946
0.02654605561975539	-0.010796729610014962
0.0266072505979881	-0.010846697935479644
0.026668586645214792	-0.01089689813681642
0.026730064086633115	-0.0109473312957607
0.026791683248190316	-0.010997998499151122
0.026853444456585076	-0.011048900838945616
0.026915348039269153	-0.011100039412255182
0.026977394324449205	-0.011151415321357836
0.027039583641088435	-0.011203029673743816
0.02710191631890843	-0.011254883582109205
0.027164392688390823	-0.011306978164411369
0.027227013080779128	-0.011359314543874581
0.027289777828080404	-0.01141189384902631
0.027352687263067124	-0.01146471721371988
0.02741574171927882	-0.01151778577715454
0.027478941531023975	-0.011571100683908053
0.02754228703338166	-0.011624663083962063
0.027605778562203462	-0.01167847413272174
0.027669416454115112	-0.01173253499105257
0.02773320104651841	-0.011786846825297043
0.027797132677592883	-0.011841410807306529
0.027861211686297706	-0.011896228114463676
0.02792543841237338	-0.011951299929714094
0.02798981319634363	-0.012006627441588046
0.028054336379517132	-0.012062211844234418
0.028119008303989407	-0.01211805433743884
0.028183829312644536	-0.012174156126658732
0.028248799749157075	-0.012230518423043322
0.02831391995799379	-0.012287142443473401
0.028379190284415566	-0.012344029410570782
0.028444611074479154	-0.012401180552745666
0.028510182675039096	-0.012458597104205826
0.028575905433749466	-0.012516280305002608
0.02864177969906581	-0.01257423140104479
0.028707805820246905	-0.01263245164413749
0.028773984147356695	-0.012690942292001064
0.028840315031266057	-0.012749704608308151
0.02890679882365476	-0.0128087398627072
0.028973435877013228	-0.012868049330852038
0.029040226544644512	-0.012927634294436703
0.029107171180666053	-0.012987496041215333
0.029174270140011675	-0.013047635865037415
0.029241523778433354	-0.013108055065876903
0.029308932452503215	-0.01316875494986104
0.029376496519615308	-0.013229736829300726
0.02944421633798762	-0.013291002022719057
0.029512092266663854	-0.013352551854882905
0.029580124665515465	-0.01341438765683336
0.029648313895243424	-0.013476510765914182
0.029716660317380267	-0.013538922525804834
0.029785164294291896	-0.013601624286552294
0.029853826189179603	-0.01366461740459525
0.02992264636608189	-0.013727903242802401
0.029991625189876515	-0.013791483170502404
0.030060763026282307	-0.013855358563512107
0.03013006024186122	-0.01391953080416974
0.03019951720402016	-0.01398400128136743
0.030269134281013046	-0.014048771390583428
0.030338911841942703	-0.014113842533910743
0.0304088502567628	-0.01417921612009292
0.03047894989627983	-0.01424489356455743
0.030549211132155123	-0.01431087628944234
0.030619634336906773	-0.01437716572363288
0.03069021988391158	-0.014443763302797327
0.03076096814740708	-0.014510670469413012
0.030831879502493532	-0.014577888672804585
0.030902954325135904	-0.014645419369181597
0.03097419299216581	-0.014713264021653499
0.031045595881283555	-0.014781424100287629
0.03111716337106017	-0.014849901082128296
0.031188895840939368	-0.014918696451233232
0.03126079367123956	-0.014987811698709804
0.031332857243155855	-0.01505724832274604
0.031405086938762164	-0.015127007828651479
0.03147748314101316	-0.015197091728887748
0.03155004623374628	-0.015267501543099348
0.03162277660168379	-0.01533823879815766
0.0316956746304349	-0.015409305028187506
0.031768740706497704	-0.015480701774614528
0.03184197521726125	-0.015552430586183946
0.031915378551007616	-0.015624493019009585
0.03198895109691397	-0.01569689063660927
0.03206269324505466	-0.015769625009930992
0.03213660538640318	-0.015842697717400902
0.032210687912834345	-0.015916110344952782
0.03228494121712635	-0.01598986448606943
0.03235936569296283	-0.016063961741814813
0.03243396173493494	-0.016138403720871535
0.032508729738543435	-0.016213192039585964
0.03258367010020087	-0.016288328321993995
0.03265878321723358	-0.016363814199871627
0.032734069487883814	-0.016439651312755495
0.032809529311311904	-0.016515841308002804
0.0328851630875983	-0.01659238584081347
0.03296097121774578	-0.016669286574270623
0.03303695410368147	-0.016746545179384693
0.03311311214825911	-0.01682416333513365
0.03318944575526103	-0.01690214272848955
0.03326595532940045	-0.01698048505447582
0.03334264127632349	-0.017059192016191962
0.03341950400261143	-0.017138265324859934
0.03349654391578276	-0.017217706699861463
0.03357376142429547	-0.017297517868784182
0.03365115693754907	-0.017377700567453292
0.03372873086588689	-0.017458256539976912
0.033806483620598154	-0.017539187538786603
0.033884415613920256	-0.01762049532467937
0.03396252725904084	-0.017702181666856276
0.03404081897010009	-0.0177842483429617
0.034119291162192845	-0.01786669713913632
0.03419794425137089	-0.017949529850041918
0.034276778654645026	-0.018032748278918462
0.034355794789987466	-0.018116354237616154
0.03443499307633384	-0.018200349546645393
0.034514373933585626	-0.018284736035215847
0.03459393778261219	-0.018369515541276575
0.034673685045253165	-0.018454689911564258
0.03475361614432058	-0.01854026100164611
0.03483373150360118	-0.0186262306759592
0.03491403154785861	-0.018712600807859917
0.03499451670283573	-0.018799373279666614
0.03507518739525679	-0.018886549982691615
0.035156044052829814	-0.0189741328173114
0.03523708710424871	-0.019062123692986297
0.0353183169791957	-0.01915052452832259
0.03539973410834346	-0.019239337251105368
0.03548133892335755	-0.019328563798353907
0.03556313185689853	-0.019418206116358434
0.03564511334262443	-0.01950826616073737
0.035727283815192884	-0.01959874589646918
0.03580964371026361	-0.019689647297953677
0.03589219346450052	-0.019780972349046657
0.03597493351557424	-0.019872723043113487
0.03605786430216423	-0.01996490138307442
0.03614098626396133	-0.02005750938145218
0.03622429984166986	-0.02015054906042061
0.03630780547701014	-0.020244022451849163
0.036391503612720706	-0.02033793159735569
0.03647539469256078	-0.02043227854835196
0.03655947916131248	-0.02052706536609388
0.03664375746478333	-0.020622294121725122
0.036728230049808464	-0.02071796689633927
0.036812897364253146	-0.02081408578101225
0.03689775985701503	-0.020910652876867778
0.036982817978026626	-0.021007670295116142
0.0370680721782576	-0.021105140157109414
0.03715352290971726	-0.0212030645943913
0.03723917062545685	-0.021301445748749512
0.03732501577957206	-0.021400285772261093
0.03741105882720533	-0.021499586827351532
0.037497300224548356	-0.021599351086843306
0.037583740428844416	-0.021699580734002903
0.03767037989839089	-0.021800277962599857
0.0377572190925416	-0.021901444976956997
0.03784425847170934	-0.022003083992001612
0.03793149849736819	-0.022105197233320287
0.038018939632056124	-0.0222077869372105
0.038106582339377304	-0.022310855350737326
0.03819442708400466	-0.02241440473178375
0.03828247433168226	-0.022518437349101885
0.03837072454922788	-0.022622955482382797
0.03845917820453535	-0.022727961422287356
0.038547835766577186	-0.02283345747052279
0.03863669770540691	-0.02293944593988629
0.038725764492161724	-0.02304592915432145
0.03881503659906482	-0.023152909448982146
0.03890451449942807	-0.023260389170277923
0.03899419866765434	-0.023368370675934697
0.039084089579240214	-0.023476856335060806
0.039174187710778303	-0.02358584852818361
0.03926449353995999	-0.02369534964733012
0.03935500754557775	-0.023805362096065236
0.03944573020752785	-0.023915888289562405
0.03953666200681279	-0.024026930654654974
0.03962780342554395	-0.0241384916299058
0.03971915494694403	-0.02425057366564697
0.039810717055349734	-0.02436317922405849
0.03990249023621421	-0.024476310779214697
0.03999447497610976	-0.0245899708171525
0.04008667176273028	-0.0247041618359263
0.040179081084894	-0.024818886345673287
0.04027170343254591	-0.024934146868668003
0.0403645392967605	-0.02504994593939108
0.04045758916974426	-0.025166286104586454
0.040550853544838394	-0.02528316992332273
0.040644332916521274	-0.025400599967057194
0.04073802778041128	-0.025518578819697633
0.04083193863326921	-0.025637109077667697
0.040926065973001094	-0.025756193349963714
0.04102041029866068	-0.02587583425823024
0.04111497211045223	-0.025996034436809267
0.04120975190973302	-0.02611679653281384
0.041304750199016145	-0.026238123206194147
0.04139996748197304	-0.026360017129794813
0.04149540426343631	-0.02648248098942884
0.04159106104940221	-0.026605517483933673
0.04168693834703355	-0.026729129325247507
0.041783036664662175	-0.026853319238469273
0.041879356511791845	-0.02697808996192911
0.04197589839910075	-0.0271034442472503
0.04207266283844442	-0.02722938485942491
0.042169650342858224	-0.027355914576869766
0.04226686142656031	-0.027483036191512007
0.04236429660495411	-0.027610752508841187
0.0424619563946313	-0.027739066347985116
0.04255984131337431	-0.02786798054178323
0.04265795188015928	-0.02799749793684996
0.04275628861515862	-0.028127621393644813
0.042854852039743964	-0.02825835378655086
0.042953642676488726	-0.02838969800393815
0.043052661049171055	-0.02852165694823566
0.043151907682776526	-0.028654233536009814
0.04325138310350088	-0.028787430698025484
0.04335108783875289	-0.028921251379328973
0.04345102241715714	-0.029055698539315635
0.04355118736855686	-0.029190775151806188
0.04365158322401661	-0.029326484205113065
0.04375221051582521	-0.0294628287021285
0.04385306977749856	-0.029599811660387044
0.043954161543782455	-0.029737436112140764
0.04405548635065534	-0.029875705104444882
0.044157044735331254	-0.030014621699226234
0.044258837236262644	-0.030154188973356814
0.044360864393143254	-0.030294410018736572
0.044463126746910886	-0.030435287942366426
0.04456562483975033	-0.030576825866430894
0.0446683592150963	-0.030719026928372285
0.04477133041763626	-0.030861894280968034
0.04487453899331323	-0.031005431092410947
0.0449779854893288	-0.031149640546389832
0.045081670454146	-0.031294525842169685
0.04518559443749224	-0.031440090194665996
0.04528975799036209	-0.031586336834536134
0.04539416166502032	-0.0317332690082481
0.04549880601500485	-0.031880889978176466
0.04560369159512962	-0.03202920302266458
0.04570881896148749	-0.03217821143612824
0.04581418867145335	-0.032327918529125414
0.045919801283686855	-0.03247832762844508
0.0460256573581356	-0.03262944207718626
0.04613175745603793	-0.03278126523484821
0.04623810213992603	-0.03293380047741182
0.046344691973628796	-0.033087051197425214
0.046451527522274945	-0.03324102080409276
0.04655860935229589	-0.03339571272335378
0.04666593803142887	-0.03355113039797637
0.046773514128719815	-0.033707277287645616
0.04688133821452653	-0.03386415686904304
0.04698941086052153	-0.034021772635945684
0.04709773263969529	-0.03418012809930073
0.047206304126359046	-0.0343392267873348
0.04731512589614805	-0.03449907224562362
0.04742419852602446	-0.03465966803719408
0.047533522594280536	-0.034821017742608595
0.04764309868054156	-0.03498312496006831
0.04775292736576909	-0.03514599330548517
0.047863009232263824	-0.03530962641259515
0.047973344863668915	-0.035474027933032684
0.04808393484497285	-0.03563920153644388
0.04819477976251274	-0.035805150910557325
0.04830588020397726	-0.03597187976130092
0.04841723675840994	-0.0361393918128804
0.0485288500162121	-0.03630769080788531
0.048640720569146166	-0.03647678050737531
0.04875284901033863	-0.03664666469099161
0.048865235934283366	-0.036817347157039826
0.04897788193684462	-0.0369888317225914
0.04909078761526031	-0.0371611222235882
0.04920395356814509	-0.03733422251493476
0.0493173803954936	-0.03750813647060295
0.049431068698683536	-0.037682867983725034
0.04954501908047903	-0.03785842096669963
0.0496592321450336	-0.03803479935129647
0.04977370849789361	-0.03821200708874455
0.049888448746001214	-0.038390048149854264
0.05000345349769786	-0.038568926525103575
0.05011872336272722	-0.03874864622474757
0.050234258952238715	-0.03892921127892493
0.05035006087879047	-0.03911062573775988
0.05046612975635284	-0.039292893671470965
0.0505824662003114	-0.0394760191704718
0.050699070827470445	-0.03966000634547763
0.050815944256056046	-0.039844859327622724
0.050933087105719546	-0.04003058226855799
0.05105049999754062	-0.04021717934056149
0.051168183554030786	-0.04040465473664828
0.05128613839913648	-0.040593012670685255
0.051404365158242614	-0.04078225737749187
0.051522864458175645	-0.040972393112957584
0.05164163692720711	-0.04116342415415393
0.051760683195056764	-0.04135535479944663
0.05188000389289612	-0.041548189368603064
0.051999599653351596	-0.04174193220291397
0.052119471110508055	-0.04193658766530279
0.05223961889991197	-0.04213216014044634
0.05236004365857504	-0.04232865403487854
0.05248074602497726	-0.04252607377712396
0.05260172663907063	-0.04272442381779678
0.05272298614228227	-0.042923708629735505
0.05284452517751805	-0.043123932708109956
0.05296634438916578	-0.04332510057054145
0.053088444423098846	-0.04352721675723204
0.053210825926679424	-0.04373028583107286
0.05333348954876211	-0.04393431237777435
0.053456435939697164	-0.0441393010059833
0.053579665751334174	-0.044345256347409746
0.05370317963702527	-0.0445521830569451
0.05382697825162884	-0.04476008581279131
0.05395106225151276	-0.04496896931658599
0.0540754322945581	-0.04517883829352333
0.05420008904016239	-0.045389697492484775
0.054325033149243335	-0.04560155168616312
0.05445026528424212	-0.045814405671198266
0.054575786109127104	-0.046028264268294004
0.05470159628939716	-0.04624313232235872
0.05482769649208539	-0.04645901470262557
0.054954087385762455	-0.04667591630279101
0.05508076964054035	-0.046893842041147146
0.05520774392807573	-0.04711279686071246
0.05533501092157368	-0.047332785729359235
0.055462571295791074	-0.04755381363995559
0.05559042572704037	-0.04777588561050396
0.055718574893192985	-0.04799900668426067
0.05584701947368309	-0.048223181929893374
0.055975760149511014	-0.048448416441603775
0.05610479760324706	-0.048674715339273915
0.05623413251903491	-0.048902083768599426
0.05636376558259546	-0.04913052690123079
0.05649369748123025	-0.04936004993492612
0.056623928903825345	-0.04959065809367251
0.056754460540854715	-0.049822356627842394
0.05688529308438413	-0.050055150814336404
0.05701642722807475	-0.050289045956723136
0.057147863667186716	-0.050524047385385434
0.057279603098582925	-0.05076016045767375
0.05741164622073274	-0.05099739055803914
0.057543993733715694	-0.051235743098194175
0.05767664633922509	-0.051475223517256426
0.05780960474057181	-0.05171583728189846
0.05794286964268809	-0.05195758988650075
0.05807644175213121	-0.05220048685329609
0.05821032177708716	-0.052444533732533175
0.05834451042737448	-0.05268973610262161
0.05847900841444806	-0.052936099570292494
0.05861381645140288	-0.05318362977074259
0.05874893525297769	-0.053432332367810365
0.0588843655355589	-0.053682213054112075
0.059020108017184415	-0.05393327755121537
0.0591561634175474	-0.05418553160978958
0.059292532458	-0.05443898100976956
0.05942921586155727	-0.05469363156051828
0.059566214352901034	-0.054949489100986286
0.059703528658383694	-0.0552065594998754
0.059841159506031985	-0.05546484865580684
0.05997910762555094	-0.055724362497479994
0.06011737374832779	-0.05598510698384315
0.06025595860743578	-0.05624708810426082
0.060394862937638	-0.05651031187868145
0.06053408747539136	-0.05677478435780625
0.060673632958850525	-0.05704051162325927
0.060813500127871796	-0.0573074997877594
0.060953689724016935	-0.05757575499529755
0.061094202490557206	-0.05784528342129931
0.061235039172477336	-0.05811609127281766
0.06137620051647943	-0.05838818478868924
0.06151768727098683	-0.05866157023972056
0.06165950018614822	-0.05893625392887195
0.06180164001384158	-0.05921224219142779
0.06194410750767815	-0.05948954139517434
0.06208690342300637	-0.059768157940598775
0.062230028516915954	-0.060048098261053784
0.06237348354824192	-0.060329368822941536
0.06251726927756858	-0.06061197612591783
0.06266138646723356	-0.06089592670305402
0.0628058358813318	-0.061181227121045484
0.06295061828571975	-0.06146788398038379
0.06309573444801933	-0.06175590391555522
0.06324118513762193	-0.06204529359523098
0.0633869711256927	-0.06233605972245498
0.06353309318517436	-0.06262820903484645
0.06367955209079158	-0.06292174830478423
0.06382634861905485	-0.06321668433960781
0.06397348354826482	-0.06351302398181617
0.06412095765851615	-0.06381077410926002
0.06426877173170198	-0.06410994163534889
0.06441692655151772	-0.0644105335092465
0.06456542290346556	-0.06471255671608078
0.06471426157485831	-0.0650160182771326
0.06486344335482384	-0.06532092525005813
0.06501296903430906	-0.06562728472908214
0.06516283940608428	-0.0659351038452113
0.06531305526474723	-0.0662443897664463
0.0654636174067275	-0.06655514969798271
0.06561452663029053	-0.06686739088243021
0.06576578373554205	-0.06718112060002276
0.06591738952443213	-0.06749634616883472
0.06606934480075961	-0.06781307494499238
0.06622165037017619	-0.06813131432289939
0.0663743070401909	-0.06845107173544214
0.06652731562017412	-0.068772354654226
0.06668067692136222	-0.06909517058978479
0.06683439175686146	-0.06941952709180317
0.06698846094165266	-0.06974543174935391
0.06714288529259523	-0.07007289219110605
0.06729766562843179	-0.0704019160855704
0.0674528027697922	-0.07073251114131147
0.06760829753919818	-0.07106468510718612
0.0677641507610675	-0.07139844577257756
0.06792036326171846	-0.07173380096762273
0.06807693586937413	-0.07207075856345767
0.06823386941416697	-0.07240932647243149
0.06839116472814293	-0.0727495126483773
0.06854882264526617	-0.0730913250868188
0.06870684400142321	-0.07343477182523496
0.06886522963442762	-0.07377986094329025
0.06902398038402419	-0.07412660056308339
0.06918309709189366	-0.07447499884939801
0.0693425806016569	-0.07482506400993491
0.0695024317588797	-0.07517680429557992
0.06966265141107687	-0.07553022800064446
0.06982324040771715	-0.07588534346311676
0.06998419960022735	-0.07624215906492518
0.07014552984199714	-0.07660068323218129
0.07030723198838335	-0.07696092443545367
0.07046930689671471	-0.07732289119000944
0.0706317554262962	-0.07768659205608844
0.0707945784384138	-0.078052035639164
0.07095777679633887	-0.07841923059020191
0.07112135136533292	-0.0787881856059346
0.07128530301265194	-0.0791589094291186
0.07144963260755134	-0.07953141084882238
0.0716143410212902	-0.07990569870067443
0.07177942912713618	-0.08028178186716148
0.07194489780036994	-0.08065966927788734
0.07211074791828997	-0.0810393699098513
0.07227698036021703	-0.08142089278774109
0.07244359600749903	-0.08180424698419832
0.07261059574351547	-0.08218944162010844
0.07277798045368242	-0.0825764858648873
0.07294575102545688	-0.08296538893676403
0.07311390834834172	-0.08335616010307283
0.07328245331389041	-0.08374880868054749
0.0734513868157115	-0.08414334403560678
0.07362070974947361	-0.08453977558464763
0.07379042301291007	-0.08493811279435738
0.07396052750582378	-0.08533836518199571
0.07413102413009177	-0.08574054231570369
0.07430191378967013	-0.08614465381481097
0.07447319739059889	-0.08655070935012751
0.07464487584100665	-0.08695871864426438
0.07481695005111545	-0.08736869147193975
0.07498942093324558	-0.08778063766028321
0.07516228940182053	-0.08819456708916162
0.07533555637337173	-0.08861048969148336
0.07550922276654341	-0.08902841545352339
0.07568328950209743	-0.08944835441524572
0.07585775750291836	-0.08987031667061328
0.07603262769401818	-0.09029431236792924
0.07620790100254123	-0.09072035171015638
0.07638357835776907	-0.09114844495523995
0.07655966069112562	-0.0915786024164515
0.0767361489361819	-0.09201083446271778
0.07691304402866098	-0.09244515151895014
0.07709034690644301	-0.09288156406639407
0.07726805850957022	-0.09332008264296346
0.07744617978025188	-0.09376071784359032
0.07762471166286919	-0.09420348032056101
0.07780365510398041	-0.09464838078387165
0.07798301105232586	-0.09509543000158018
0.07816278045883297	-0.09554463880015146
0.0783429642766212	-0.09599601806482141
0.07852356346100718	-0.09644957873995175
0.07870457896950984	-0.09690533182938907
0.07888601176185545	-0.09736328839683535
0.07906786279998253	-0.09782345956619691
0.07925013304804718	-0.09828585652197697
0.07943282347242814	-0.09875049050962896
0.07961593504173188	-0.09921737283593396
0.07979946872679769	-0.09968651486938222
0.07998342550070285	-0.10015792804054678
0.0801678063387679	-0.10063162384246917
0.08035261221856173	-0.10110761383104086
0.08053784411990669	-0.10158590962539184
0.08072350302488382	-0.10206652290828583
0.08090958991783821	-0.10254946542649837
0.08109610578538408	-0.10303474899123104
0.08128305161640995	-0.10352238547850023
0.08147042840208396	-0.10401238682953823
0.08165823713585922	-0.10450476505120146
0.08184647881347899	-0.1049995322163712
0.08203515443298186	-0.10549670046437368
0.08222426499470713	-0.10599628200138611
0.08241381150130021	-0.10649828910085556
0.08260379495771787	-0.1070027341039163
0.08279421637123345	-0.10750962941981392
0.08298507675144226	-0.10801898752632866
0.08317637711026708	-0.10853082097021026
0.08336811846196344	-0.10904514236760135
0.08356030182312484	-0.10956196440447481
0.08375292821268826	-0.11008129983707565
0.08394599865193973	-0.11060316149235684
0.08413951416451952	-0.11112756226842921
0.08433347577642757	-0.11165451513500178
0.084527884516029	-0.11218403313384158
0.08472274141405964	-0.11271612937922096
0.0849180475036314	-0.11325081705837996
0.08511380382023763	-0.11378810943198064
0.08531001140175895	-0.11432801983458285
0.08550667128846832	-0.11487056167510211
0.08570378452303697	-0.11541574843728053
0.08590135215053957	-0.11596359368017593
0.08609937521846008	-0.11651411103861904
0.08629785477669702	-0.11706731422371537
0.08649679187756934	-0.1176232170233153
0.08669618757582165	-0.11818183330251192
0.0868960429286302	-0.11874317700413407
0.08709635899560805	-0.11930726214923806
0.08729713683881117	-0.11987410283761164
0.0874983775227436	-0.12044371324827546
0.08770008211436349	-0.12101610763999754
0.08790225168308842	-0.12159130035179085
0.08810488730080142	-0.12216930580344836
0.08830799004185627	-0.12275013849604227
0.08851156098308356	-0.12333381301246493
0.08871560120379608	-0.12392034401794241
0.08892011178579486	-0.12450974626057372
0.08912509381337455	-0.125102034571866
0.08933054837332954	-0.12569722386726376
0.08953647655495937	-0.1262953291467109
0.08974287945007486	-0.1268963654951807
0.0899497581530035	-0.1275003480832353
0.09015711376059571	-0.12810729216758504
0.09036494737223014	-0.1287172130916403
0.09057326008982003	-0.12933012628608037
0.09078205301781857	-0.12994604726942702
0.09099132726322517	-0.13056499164860758
0.09120108393559097	-0.1311869751195396
0.09141132414702503	-0.1318120134677119
0.09162204901219996	-0.13244012256877014
0.0918332596483581	-0.13307131838910996
0.09204495717531712	-0.13370561698646719
0.09225714271547633	-0.13434303451052237
0.09246981739382225	-0.13498358720350587
0.09268298233793494	-0.13562729140081003
0.09289663867799362	-0.13627416353159152
0.09311078754678305	-0.1369242201194078
0.0933254300796991	-0.1375774777828262
0.09354056741475521	-0.13823395323605736
0.09375620069258803	-0.1388936632895975
0.0939723310564638	-0.1395566248508502
0.09418895965228413	-0.14022285492478695
0.09440608762859236	-0.14089237061458204
0.0946237161365793	-0.14156518912228017
0.09484184633008974	-0.14224132774943785
0.09506047936562814	-0.14292080389780284
0.09527961640236521	-0.14360363506997745
0.09549925860214359	-0.14428983887009117
0.09571940712948447	-0.1449794330044842
0.09594006315159331	-0.14567243528239368
0.09616122783836649	-0.14636886361663567
0.09638290236239705	-0.14706873602431314
0.09660508789898135	-0.14777207062750847
0.09682778562612492	-0.1484788856539974
0.09705099672454899	-0.14918919943795664
0.09727472237769651	-0.14990303042068429
0.09749896377173872	-0.1506203971513252
0.09772372209558107	-0.15134131828759984
0.09794899854086991	-0.15206581259654087
0.09817479430199844	-0.15279389895523504
0.09840111057611335	-0.15352559635157206
0.09862794856312104	-0.15426092388499427
0.0988553094656939	-0.1549999007672609
0.09908319448927676	-0.1557425463232118
0.09931160484209335	-0.15648887999153946
0.0995405417351527	-0.157238921325571
0.09977000638225536	-0.15799268999404706
0.1	-0.1587502057819156
0.10023052380778996	-0.1595114885911328
0.10046157902783952	-0.1602765584414608
0.10069316688518042	-0.16104543547128264
0.10092528860766845	-0.16181813993841423
0.10115794542598985	-0.16259469222094097
0.10139113857366794	-0.16337511281802578
0.10162486928706957	-0.1641594223507701
0.1018591388054117	-0.1649476415630426
0.102093948370768	-0.16573979132233513
0.10232929922807542	-0.16653589262062193
0.10256519262514076	-0.1673359665752238
0.10280162981264736	-0.16814003442967945
0.10303861204416162	-0.16894811755462283
0.10327614057613975	-0.16976023744867527
0.10351421666793438	-0.170576415739335
0.10375284158180126	-0.17139667418387938
0.10399201658290592	-0.1722210346702795
0.10423174293933042	-0.1730495192181024
0.10447202192208001	-0.17388214997945
0.10471285480508996	-0.17471894923988587
0.10495424286523224	-0.17555993941936926
0.1051961873823223	-0.1764051430732103
0.1054386896391259	-0.17725458289301962
0.10568175092136585	-0.17810828170767576
0.10592537251772889	-0.17896626248429184
0.10616955571987247	-0.17982854832920014
0.10641430182243161	-0.18069516248893452
0.10665961212302578	-0.18156612835123123
0.1069054879222658	-0.1824414694460293
0.10715193052376065	-0.18332120944648644
0.10739894123412448	-0.18420537216999822
0.1076465213629835	-0.18509398157923085
0.10789467222298288	-0.18598706178315336
0.1081433951297938	-0.18688463703810063
0.10839269140212036	-0.18778673174880278
0.10864256236170655	-0.18869337046948056
0.10889300933334335	-0.18960457790490207
0.10914403364487565	-0.1905203789114693
0.10939563662720939	-0.19144079849831394
0.1096478196143185	-0.19236586182839982
0.10990058394325211	-0.1932955942196306
0.11015393095414151	-0.1942300211459727
0.11040786199020733	-0.19516916823859534
0.11066237839776664	-0.196113061286989
0.11091748152624012	-0.19706172624014337
0.11117317272815914	-0.1980151892076884
0.11142945335917301	-0.1989734764610682
0.11168632477805612	-0.19993661443472946
0.11194378834671516	-0.200904629727303
0.11220184543019636	-0.20187754910281466
0.11246049739669266	-0.20285539949188133
0.11271974561755105	-0.2038382079929524
0.11297959146727979	-0.20482600187352495
0.11324003632355571	-0.20581880857140158
0.11350108156723152	-0.20681665569593372
0.1137627285823431	-0.20781957102929444
0.11402497875611688	-0.20882758252774877
0.11428783347897718	-0.20984071832294726
0.11455129414455358	-0.21085900672322203
0.1148153621496883	-0.2118824762148955
0.1150800388944436	-0.2129111554636056
0.11534532578210924	-0.2139450733156352
0.1156112242192099	-0.2149842587992648
0.11587773561551262	-0.21602874112612053
0.11614486138403429	-0.21707854969254647
0.11641260294104915	-0.21813371408099297
0.11668096170609626	-0.2191942640614016
0.11694993910198712	-0.22026022959261063
0.11721953655481307	-0.2213316408237853
0.11748975549395298	-0.22240852809583248
0.11776059735208075	-0.22349092194286002
0.11803206356517298	-0.22457885309362316
0.11830415557251649	-0.22567235247300216
0.11857687481671603	-0.22677145120347422
0.11885022274370186	-0.22787618060662485
0.1191242008027375	-0.2289865722046452
0.11939881044642733	-0.23010265772186295
0.11967405313072436	-0.2312244690862793
0.1199499303149379	-0.23235203843111726
0.12022644346174131	-0.23348539809638397
0.12050359403717976	-0.23462458063045852
0.12078138351067803	-0.2357696187916799
0.12105981335504826	-0.2369205455499571
0.12133888504649774	-0.23807739408838707
0.12161860006463679	-0.23924019780490294
0.12189895989248667	-0.24040899031391982
0.12217996601648717	-0.24158380544799676
0.1224616199265049	-0.2427646772595344
0.12274392311584072	-0.2439516400224538
0.12302687708123818	-0.24514472823393396
0.1233104833228909	-0.24634397661611893
0.12359474334445107	-0.24754942011788064
0.1238796586530369	-0.2487610939165639
0.12416523075924113	-0.24997903341978653
0.1244514611771385	-0.2512032742672096
0.12473835142429432	-0.25243385233236276
0.125025903021772	-0.253670803724473
0.1253141174941416	-0.2549141647902995
0.1256029963694875	-0.2561639721160055
0.12589254117941673	-0.25742026252902894
0.12618275345906707	-0.25868307309998667
0.12647363474711512	-0.25995244114458405
0.12676518658578456	-0.2612284042255465
0.12705741052085415	-0.26251100015457607
0.12735030810166617	-0.26380026699431314
0.12764388088113438	-0.26509624306032403
0.12793813041575247	-0.2663989669231115
0.12823305826560213	-0.26770847741013815
0.12852866599436155	-0.269024813607864
0.1288249551693134	-0.27034801486381743
0.12912192736135342	-0.2716781207886736
0.1294195841449986	-0.27301517125835806
0.12971792709839558	-0.27435920641616335
0.13001695780332903	-0.2757102666749036
0.13031667784522993	-0.2770683927190617
0.13061708881318415	-0.2784336255069848
0.1309181922999407	-0.2798060062730845
0.13121998990192033	-0.28118557653005677
0.13152248321922383	-0.28257237807113816
0.1318256738556407	-0.2839664529723596
0.1321295634186575	-0.2853678435948495
0.13243415351946647	-0.28677659258714444
0.13273944577297395	-0.288192742887508
0.1330454417978091	-0.289616337726303
0.1333521432163324	-0.29104742062836464
0.13365955165464422	-0.29248603541540075
0.1339676687425935	-0.2939322262084196
0.1342764961137864	-0.2953860374301742
0.13458603540559483	-0.2968475138076378
0.13489628825916536	-0.2983167003745043
0.13520725631942773	-0.29979364247369766
0.1355189412351036	-0.3012783857599276
0.1358313446587154	-0.30277097620224824
0.136144468246595	-0.30427146008667216
0.13645831365889247	-0.30577988401876494
0.13677288255958492	-0.3072962949263108
0.13708817661648537	-0.30882074006197985
0.13740419750125152	-0.31035326700601834
0.13772094688939465	-0.31189392366898366
0.1380384264602885	-0.31344275829448787
0.1383566378971781	-0.31499981946198063
0.13867558288718884	-0.3165651560895555
0.13899526312133534	-0.318138817436779
0.13931568029453031	-0.31972085310755743
0.13963683610559377	-0.3213113130530213
0.13995873225726183	-0.3229102475744528
0.14028137045619582	-0.3245177073262219
0.1406047524129914	-0.32613374331877343
0.14092887984218747	-0.32775840692162866
0.14125375446227545	-0.3293917498664232
0.14157937799570816	-0.33103382424997524
0.14190575216890922	-0.3326846825373813
0.142232878712282	-0.33434437756514374
0.14256075936021884	-0.3360129625443354
0.1428893958511103	-0.33769049106379095
0.14321878992735435	-0.3393770170933275
0.1435489433353656	-0.34107259498699993
0.14387985782558455	-0.3427772794863972
0.14421153515248689	-0.3444911257239575
0.14454397707459277	-0.3462141892263344
0.14487718535447616	-0.34794652591777375
0.14521116175877424	-0.349688192123548
0.14554590805819662	-0.3514392445734153
0.14588142602753484	-0.3531997404051078
0.14621771744567183	-0.35496973716786795
0.14655478409559117	-0.35674929282601314
0.1468926277643867	-0.35853846576253523
0.1472312502432719	-0.360337314782748
0.14757065332758945	-0.3621458991179493
0.14791083881682077	-0.363964278429159
0.14825180851459538	-0.36579251281084585
0.1485935642287007	-0.36763066279473594
0.14893610777109154	-0.3694787893536315
0.14927944095789963	-0.37133695390529575
0.14962356560944334	-0.3732052183163467
0.14996848355023737	-0.37508364490622015
0.15031419660900225	-0.3769722964511503
0.1506607066186742	-0.3788712361882065
0.15100801541641484	-0.38078052781936994
0.15135612484362082	-0.3827002355156487
0.1517050367459337	-0.3846304239212339
0.15205475297324958	-0.3865711581577113
0.15240527537972914	-0.3885225038282936
0.1527566058238073	-0.39048452702212966
0.15310874616820302	-0.39245729431862497
0.15346169827992945	-0.3944408727918262
0.1538154640303035	-0.39643533001486164
0.15417004529495595	-0.3984407340643946
0.1545254439538414	-0.4004571535251601
0.15488166189124816	-0.40248465749453055
0.15523870099580825	-0.4045233155871234
0.15559656316050746	-0.40657319793947977
0.15595525028269538	-0.4086343752147649
0.15631476426409543	-0.4107069186075537
0.15667510701081494	-0.41279089984862133
0.15703628043335527	-0.41488639120982623
0.15739828644662196	-0.4169934655090239
0.15776112696993488	-0.4191121961150434
0.15812480392703834	-0.42124265695268925
0.15848931924611134	-0.4233849225078478
0.15885467485977792	-0.4255390678325991
0.159220872705117	-0.4277051685504068
0.15958791472367329	-0.42988330086136856
0.15995580286146688	-0.4320735415474957
0.16032453906900418	-0.4342759679780907
0.1606941253012877	-0.43649065811514043
0.16106456351782708	-0.43871769051879944
0.16143585568264862	-0.44095714435291045
0.16180800376430662	-0.4432090993906004
0.16218100973589297	-0.4454736360199235
0.1625548755750484	-0.4477508352495852
0.16292960326397224	-0.4500407787146931
0.16330519478943348	-0.4523435486826172
0.16368165214278085	-0.45465922805886116
0.16405897731995395	-0.45698790039305187
0.16443717232149316	-0.4593296498849492
0.16481623915255086	-0.46168456139054553
0.1651961798229015	-0.4640527204282244
0.16557699634695283	-0.4664342131849884
0.16595869074375605	-0.4688291265227484
0.166341265037017	-0.47123754798470335
0.16672472125510626	-0.47365956580174706
0.1671090614310708	-0.476095268899006
0.16749428760264373	-0.47854474690238324
0.16788040181225605	-0.4810080901452289
0.16826740610704674	-0.4834853896750487
0.16865530253887415	-0.48597673726030655
0.16904409316432642	-0.4884822253972917
0.16943378004473286	-0.4910019473170626
0.16982436524617442	-0.49353599699247797
0.1702158508394951	-0.4960844691452852
0.17060823890031235	-0.49864745925331616
0.17100153150902875	-0.5012250635577258
0.17139573075084252	-0.5038173790703557
0.17179083871575881	-0.5064245035811284
0.1721868574986007	-0.5090465356655827
0.17258378919902034	-0.5116835746924338
0.17298163592151014	-0.514335720831256
0.17338039977541378	-0.5170030750602518
0.17378008287493754	-0.5196857391740726
0.17418068733916142	-0.5223838157917752
0.17458221529205037	-0.5250974083648272
0.1749846688624657	-0.5278266211852245
0.1753880501841761	-0.5305715593936926
0.17579236139586926	-0.533332328987987
0.1761976046411629	-0.5361090368312685
0.17660378206861643	-0.5389017906605943
0.17701089583174212	-0.5417106990954949
0.17741894808901656	-0.544535871646649
0.1778279410038923	-0.5473774187246512
0.17823787674480895	-0.5502354516488873
0.17864875748520506	-0.5531100826565104
0.17906058540352943	-0.5560014249115047
0.17947336268325265	-0.5589095925138672
0.1798870915128788	-0.5618347005088915
0.1803017740859569	-0.5647768648965472
0.1807174126010927	-0.5677362026409749
0.18113400926196024	-0.5707128316800852
0.18155156627731356	-0.5737068709352732
0.18197008586099836	-0.576718440321231
0.18238957023196378	-0.579747660755883
0.1828100216142743	-0.5827946541704335
0.18323144223712115	-0.5858595435195227
0.18365383433483465	-0.5889424527915053
0.18407720014689558	-0.5920435070188402
0.18450154191794738	-0.5951628322886098
0.18492686189780783	-0.5983005557531464
0.18535316234148114	-0.6014568056407873
0.18578044550916986	-0.6046317112667523
0.18620871366628675	-0.607825403044152
0.186637969083467	-0.6110380124951118
0.18706821403658005	-0.614269672262023
0.18749945080674188	-0.6175205161189438
0.18793168168032684	-0.6207906789830989
0.18836490894898006	-0.6240802969265412
0.18879913490962935	-0.6273895071879317
0.18923436186449755	-0.6307184481844555
0.18967059212111465	-0.6340672595238828
0.19010782799233	-0.6374360820167629
0.19054607179632474	-0.6408250576887606
0.1909853258566238	-0.6442343297931318
0.19142559250210858	-0.6476640428233547
0.19186687406702896	-0.6511143425258865
0.19230917289101584	-0.6545853759130879
0.1927524913190936	-0.6580772912762867
0.1931968317016924	-0.6615902381989894
0.19364219639466074	-0.6651243675702602
0.19408858775927784	-0.6686798315982337
0.1945360081622663	-0.672256783823801
0.19498445997580455	-0.6758553791344486
0.1954339455775395	-0.6794757737782532
0.195884467350599	-0.6831181253780471
0.1963360276836047	-0.6867825929457441
0.1967886289706845	-0.6904693368968191
0.19724227361148539	-0.6941785190649798
0.19769696401118608	-0.6979103027169867
0.19815270258050985	-0.701664852567661
0.19860949173573716	-0.7054423347950436
0.1990673338987187	-0.7092429170557588
0.19952623149688797	-0.7130667685005379
0.19998618696327444	-0.7169140597899166
0.20044720273651614	-0.720784963110138
0.20090928126087282	-0.7246796521892145
0.20137242498623883	-0.7285983023131871
0.20183663636815613	-0.7325410903425731
0.2023019178678272	-0.7365081947290069
0.20276827195212824	-0.7404997955320586
0.20323570109362218	-0.7445160744362693
0.20370420777057185	-0.7485572147683581
0.20417379446695297	-0.7526234015146493
0.20464446367246744	-0.7567148213386884
0.20511621788255657	-0.7608316625990621
0.20558905959841414	-0.7649741153674267
0.20606299132700007	-0.7691423714467499
0.20653801558105292	-0.7733366243897415
0.20701413487910425	-0.7775570695175225
0.20749135174549097	-0.7818039039384866
0.2079696687103696	-0.7860773265673975
0.20844908830972886	-0.7903775381446829
0.20892961308540398	-0.79470474125597
0.20941124558508925	-0.7990591403518277
0.20989398836235246	-0.8034409417677493
0.21037784397664752	-0.8078503537443502
0.21086281499332898	-0.8122875864478047
0.21134890398366465	-0.8167528519905084
0.2118361135248502	-0.8212463644519792
0.21232444620002192	-0.8257683398999958
0.21281390459827124	-0.8303189964119659
0.21330449131465762	-0.8348985540965564
0.21379620895022325	-0.8395072351155438
0.21428906011200585	-0.8441452637059278
0.21478304741305343	-0.8488128662022811
0.21527817347243727	-0.8535102710593563
0.21577444091526668	-0.8582377088749498
0.21627185237270202	-0.862995412413008
0.21677041048196952	-0.8677836166270043
0.21727011788637443	-0.8726025586835605
0.2177709772353159	-0.8774524779863454
0.21827299118430013	-0.8823336162002261
0.2187761623949553	-0.8872462172756975
0.21928049353504486	-0.8921905274735505
0.21978598727848253	-0.8971667953898518
0.2202926463053456	-0.9021752719811577
0.22080047330189004	-0.9072162105900373
0.22130947096056375	-0.9122898669708331
0.22181964198002194	-0.9173964993157306
0.2223309890651403	-0.9225363682810882
0.22284351492703042	-0.9277097370140753
0.22335722228305316	-0.9329168711795405
0.223872113856834	-0.9381580389872376
0.22438819237827662	-0.9434335112192701
0.22490546058357816	-0.9487435612578734
0.22542392121524293	-0.9540884651134501
0.2259435770220978	-0.959468501452932
0.22646443075930595	-0.9648839516284012
0.22698648518838224	-0.9703350997060253
0.22750974307720706	-0.9758222324952824
0.22803420720004186	-0.9813456395784838
0.228559880337543	-0.9869056133405858
0.22908676527677735	-0.9925024489993187
0.2296148648112362	-0.9981364446355874
0.23014418174085088	-1.003807901224193
0.2306747188720069	-1.0095171226648492
0.23120647901755953	-1.0152644158134918
0.23173946499684786	-1.0210500905138995
0.23227367963571074	-1.026874459629607
0.23280912576650079	-1.032737839076119
0.23334580622810033	-1.0386405478534404
0.23388372386593548	-1.0445829080788722
0.23442288153199228	-1.050565245020149
0.23496328208483072	-1.0565878871288448
0.23550492838960102	-1.0626511660740796
0.2360478233180577	-1.0687554167765463
0.23659196974857588	-1.0749009774427973
0.23713737056616552	-1.0810881895998523
0.23768402866248767	-1.0873173981300852
0.23823194693586902	-1.093588951306401
0.23878112829131776	-1.0999032008276908
0.23933157564053875	-1.1062605018546046
0.23988329190194904	-1.1126612130455544
0.24043628000069334	-1.1191056965930344
0.24099054286865948	-1.125594318260192
0.24154608344449405	-1.1321274474176872
0.2421029046736178	-1.1387054570807922
0.24266100950824154	-1.1453287239467764
0.24322040090738153	-1.1519976284325266
0.24378108183687525	-1.1587125547124213
0.2443430552693972	-1.1654738907564564
0.24490632418447456	-1.1722820283685949
0.24547089156850305	-1.1791373632253443
0.24603676041476275	-1.1860402949145716
0.24660393372343392	-1.1929912269745
0.24717241450161304	-1.1999905669329478
0.24774220576332856	-1.2070387263467173
0.24831331052955705	-1.2141361208412098
0.2488857318282391	-1.2212831701501885
0.24945947269429547	-1.2284802981556961
0.25003453616964316	-1.2357279329281456
0.2506109253032114	-1.2430265067665287
0.251188643150958	-1.2503764562387494
0.25176769277588557	-1.257778222222072
0.25234807724805747	-1.2652322499436526
0.2529297996446145	-1.2727389890211394
0.25351286304979076	-1.2802988935033477
0.25409727055493053	-1.2879124219109677
0.2546830252585041	-1.295580037277273
0.2552701302661247	-1.3033022071888618
0.2558585886905646	-1.3110794038263462
0.25644840365177174	-1.3189121040049976
0.2570395782768864	-1.3268007892153415
0.25763211570025757	-1.3347459456636328
0.25822601906345966	-1.3427480643122167
0.2588212915153092	-1.3508076409197398
0.2594179362118814	-1.3589251760811722
0.2600159563165272	-1.3671011752676159
0.2606153549998896	-1.3753361488658762
0.26121613543992067	-1.3836306122177289
0.26181830082189855	-1.3919850856588813
0.26242185433844417	-1.4004000945575839
0.2630267991895382	-1.4088761693528133
0.263633138582538	-1.4174138455920344
0.2642408757321947	-1.4260136639684726
0.2648500138606701	-1.4346761703578383
0.265460556197554	-1.4434019158544757
0.26607250597988097	-1.4521914568068692
0.266685866452148	-1.4610453548524485
0.26730064086633115	-1.4699641769516598
0.26791683248190323	-1.4789484954212095
0.26853444456585074	-1.4879988879664265
0.2691534803926916	-1.4971159377127063
0.26977394324449205	-1.5063002332359174
0.2703958364108844	-1.5155523685917196
0.2710191631890843	-1.5248729433437433
0.2716439268839083	-1.534262562590494
0.2722701308077913	-1.5437218369909422
0.27289777828080414	-1.5532513827886851
0.27352687263067127	-1.562851821834605
0.2741574171927883	-1.5725237816079063
0.2747894153102397	-1.5822678952354399
0.2754228703338167	-1.592084801509212
0.27605778562203465	-1.6019751449019528
0.27669416454115114	-1.6119395755806234
0.2773320104651841	-1.6219787494177749
0.27797132677592884	-1.6320933280005678
0.2786121168629771	-1.6422839786373662
0.27925438412373377	-1.652551374361739
0.2798981319634363	-1.6628961939337417
0.2805433637951713	-1.6733191218382826
0.28119008303989407	-1.6838208482804635
0.28183829312644537	-1.6944020691776716
0.2824879974915708	-1.7050634861482774
0.2831391995799379	-1.7158058064967219
0.2837919028441557	-1.7266297431948654
0.28444611074479154	-1.7375360148592498
0.285101826750391	-1.7485253457242451
0.28575905433749466	-1.7595984656106887
0.2864177969906581	-1.7707561098898825
0.28707805820246907	-1.7819990194426463
0.28773984147356696	-1.7933279406132228
0.28840315031266056	-1.8047436251576707
0.2890679882365476	-1.816246830186584
0.28973435877013226	-1.8278383181017257
0.2904022654464451	-1.8395188565263425
0.2910717118066605	-1.8512892182287752
0.29174270140011677	-1.8631501810390922
0.29241523778433354	-1.8751025277583002
0.2930893245250321	-1.8871470460598687
0.2937649651961531	-1.8992845283830282
0.29444216337987617	-1.9115157718176112
0.29512092266663853	-1.923841577979839
0.29580124665515467	-1.9362627528787173
0.2964831389524342	-1.948780106772506
0.29716660317380267	-1.9613944540148158
0.29785164294291894	-1.9741066128897853
0.298538261891796	-1.986917405435798
0.2992264636608189	-1.9998276572571916
0.29991625189876514	-2.012838197323367
0.30060763026282306	-2.025949857754635
0.3013006024186122	-2.039163473594245
0.3019951720402016	-2.0524798825657826
0.3026913428101306	-2.0658999248153656
0.30338911841942706	-2.0794244426377766
0.304088502567628	-2.0930542801858407
0.3047894989627983	-2.1067902831621628
0.3054921113215514	-2.120633298492431
0.3061963433690677	-2.134584173979312
0.3069021988391158	-2.1486437579361337
0.3076096814740708	-2.162812898799194
0.3083187950249355	-2.1770924447178364
0.30902954325135906	-2.1914832431211013
0.3097419299216581	-2.2059861402599243
0.31045595881283555	-2.220601980723563
0.31117163371060186	-2.2353316069292104
0.3118889584093937	-2.2501758585832814
0.31260793671239556	-2.265135572113238
0.31332857243155854	-2.280211580068341
0.31405086938762183	-2.295404710487992
0.3147748314101316	-2.3107157862359897
0.31550046233746276	-2.3261456242992047
0.316227766016838	-2.341695035048822
0.3169567463043491	-2.3573648214624705
0.3176874070649771	-2.373155778305342
0.31841975217261254	-2.389068691268303
0.31915378551007617	-2.405104336061013
0.3198895109691398	-2.421263477457826
0.3206269324505466	-2.4375468682943064
0.3213660538640317	-2.453955248411904
0.32210687912834346	-2.4704893435484516
0.32284941217126356	-2.4871498641717253
0.32359365692962827	-2.503937504253562
0.32433961734934924	-2.520852939981501
0.3250872973854344	-2.5378968284051417
0.3258367010020088	-2.555069806013998
0.32658783217233583	-2.572372487243646
0.3273406948788382	-2.589805462906735
0.328095293113119	-2.6073692985453154
0.32885163087598307	-2.6250645327006765
0.32960971217745777	-2.642891675096853
0.3303695410368148	-2.660851204733677
0.3311311214825911	-2.678943567885026
0.3318944575526104	-2.697169175997845
0.33265955329400454	-2.715528403487183
0.333426412763235	-2.734021585422329
0.3341950400261143	-2.7526490150988807
0.33496543915782767	-2.7714109414913524
0.3357376142429547	-2.7903075665806383
0.33651156937549076	-2.8093390425504436
0.3372873086588689	-2.828505468846441
0.3380648362059816	-2.8478068890917063
0.33884415613920255	-2.8672432878516405
0.3396252725904084	-2.886814587241205
0.3404081897010009	-2.906520643367154
0.34119291162192855	-2.926361242597385
0.3419794425137089	-2.94633609764932
0.3427677865464504	-2.966444843488817
0.34355794789987465	-2.9866870330306736
0.34434993076333853	-3.0070621326314617
0.3451437393358563	-3.0275695173649644
0.345939377826122	-3.0482084660700046
0.34673685045253166	-3.0689781561601275
0.34753616144320587	-3.089877658183933
0.34833731503601184	-3.1109059301245785
0.34914031547858615	-3.1320618114262437
0.3499451670283573	-3.153344016735017
0.350751873952568	-3.1747511293408928
0.35156044052829816	-3.196281594307251
0.35237087104248715	-3.2179337112733437
0.353183169791957	-3.239705626914903
0.3539973410834347	-3.2615953270471607
0.35481338923357547	-3.283600628354172
0.3556313185689854	-3.305719169727345
0.3564511334262443	-3.3279484031956104
0.35727283815192895	-3.350285584428935
0.35809643710263606	-3.372727762796017
0.35892193464500527	-3.395271770956316
0.35974933515574237	-3.417914213965914
0.36057864302164244	-3.4406514578756693
0.36140986263961333	-3.463479617799612
0.36224299841669866	-3.4863945454304237
0.3630780547701014	-3.5093918159782866
0.36391503612720716	-3.53246671450835
0.36475394692560786	-3.555614221651326
0.36559479161312497	-3.5788289986608355
0.36643757464783333	-3.602105371790369
0.3672823004980847	-3.625437315961715
0.3681289736425315	-3.6488184376961352
0.3689775985701504	-3.6722419572784846
0.3698281797802663	-3.6957006901239184
0.37068072178257605	-3.7191870273159697
0.37153522909717257	-3.742692915284035
0.3723917062545686	-3.7662098345877393
0.3732501577957206	-3.789728777774996
0.37411058827205335	-3.8132402262799885
0.3749730022454835	-3.836734126326998
0.3758374042884442	-3.8601998638054846
0.3767037989839089	-3.883626238081746
0.37757219092541605	-3.9070014347122872
0.3784425847170933	-3.9303129970240973
0.37931498497368193	-3.953547796527381
0.3801893963205612	-3.9766920021265455
0.38106582339377304	-3.9997310480961143
0.38194427084004656	-4.022649600788995
0.3828247433168227	-4.045431524045893
0.3837072454922788	-4.06805984327614
0.3845917820453536	-4.090516708182187
0.3854783576657718	-4.112783354102264
0.3863669770540692	-4.134840061948685
0.38725764492161724	-4.156666116722363
0.3881503659906483	-4.178239764588205
0.3890451449942806	-4.199538168500428
0.38994198667654345	-4.220537362372154
0.39084089579240205	-4.241212203789482
0.39174187710778313	-4.261536325277272
0.3926449353995999	-4.281482084131412
0.39355007545577747	-4.301020510841178
0.39445730207527846	-4.320121256135258
0.39536662006812795	-4.338752536695927
0.3962780342554395	-4.356881079598284
0.39719154946944035	-4.374472065545336
0.39810717055349726	-4.391489070984938
0.3990249023621421	-4.407894009211622
0.3999447497610975	-4.423647070575094
0.40086671762730286	-4.438706661937886
0.40179081084893997	-4.453029345547263
0.40271703432545913	-4.466569777511429
0.403645392967605	-4.479280646097257
0.4045758916974427	-4.491112610096273
0.4055085354483839	-4.502014237537942
0.4064433291652128	-4.511931945063961
0.4073802778041128	-4.520809938315144
0.40831938633269216	-4.52859015372276
0.4092606597300109	-4.535212202139834
0.41020410298660687	-4.54061331479444
0.4111497211045223	-4.544728292096567
0.4120975190973303	-4.547489455882752
0.4130475019901614	-4.548826605738465
0.4139996748197305	-4.548666980096702
0.414954042634363	-4.546935222872601
0.4159106104940221	-4.5435533564580615
0.4168693834703355	-4.538440761966095
0.4178303666466218	-4.531514167683422
0.4187935651179184	-4.522687646758614
0.4197589839910076	-4.511872625224051
0.4207266283844441	-4.498977901520179
0.4216965034285822	-4.483909678760298
0.422668614265603	-4.46657161104229
0.4236429660495411	-4.4468648651787115
0.4246195639463129	-4.424688199277618
0.4255984131337431	-4.399938059661701
0.42657951880159267	-4.372508697660738
0.4275628861515862	-4.3422923078509115
0.4285485203974395	-4.309179189340954
0.4295364267648873	-4.2730579317178865
0.43052661049171065	-4.23381562726172
0.43151907682776525	-4.19133811101527
0.43251383103500873	-4.145510230250749
0.4335108783875289	-4.096216144804674
0.43451022417157154	-4.043339659654468
0.4355118736855686	-3.9867645909808154
0.436515832240166	-3.926375166795539
0.4375221051582521	-3.8620564630133556
0.4385306977749857	-3.793694875603585
0.4395416154378245	-3.721178629172799
0.4405548635065533	-3.6443983219988634
0.4415704473533125	-3.5632475071595846
0.44258837236262655	-3.4776233089736994
0.44360864393143257	-3.387427073499002
0.4446312674691087	-3.2925650513118403
0.4456562483975033	-3.192949110226749
0.44668359215096315	-3.0884974750081295
0.44771330417636257	-2.9791354904815837
0.4487453899331322	-2.864796403778353
0.449779854893288	-2.7454221607498086
0.45081670454146017	-2.620964210880169
0.4518559443749224	-2.4913843143165706
0.4528975799036208	-2.356655343939891
0.4539416166502032	-2.2167620747324364
0.4549880601500486	-2.071701952076884
0.4560369159512962	-1.9214858300626905
0.4570881896148751	-1.766138670400685
0.4581418867145335	-1.6057001921734613
0.4591980128368686	-1.440225462397819
0.4602565735813561	-1.2697854172653278
0.4613175745603794	-1.0944673039756154
0.46238102139926035	-0.9143750332996806
0.46344691973628804	-0.729629433421727
0.46451527522274944	-0.5403683962154293
0.465586093522959	-0.34674690792159796
0.46665938031428866	-0.14893695720805025
0.46773514128719823	0.05287268519469097
0.46881338214526524	0.2584768196876296
0.46989410860521547	0.4676543066606354
0.47097732639695294	0.6801686921247967
0.47206304126359055	0.8957689693895404
0.4731512589614805	1.114190474124924
0.4742419852602447	1.3351559081715223
0.47533522594280536	1.5583764854760973
0.47643098680541573	1.7835531915836276
0.47752927365769093	2.0103781462539847
0.4786300923226384	2.238536057036466
0.47973344863668915	2.4677057500751016
0.4808393484497286	2.6975617630688324
0.4819477976251274	2.927775984211938
0.4830588020397727	3.158019320119653
0.48417236758409943	3.3879633752238694
0.4852885001621211	3.6172821249189795
0.4864072056914617	3.845653564854709
0.4875284901033864	4.072761319205398
0.48865235934283363	4.298296191485531
0.48977881936844625	4.521957642505259
0.4909078761526032	4.743455181342918
0.492039535681451	4.962509656717517
0.49317380395493593	5.178854437835564
0.4943106869868355	5.392236475618911
0.4954501908047903	5.602417237149248
0.49659232145033616	5.809173508144786
0.49773708497893604	6.0122980602696465
0.4988844874600123	6.211600182024286
0.5000345349769786	6.406906073836522
0.5011872336272724	6.598059109732327
0.5023425895223872	6.784919969582789
0.5035006087879049	6.967366647375915
0.5046612975635284	7.145294342229726
0.5058246620031142	7.318615239934592
0.5069907082747045	7.487258193681964
0.5081594425605607	7.651168313302682
0.5093308710571955	7.810306472804332
0.5105049999754063	7.964648746273451
0.5116818355403079	8.11418578230598
0.5128613839913649	8.25892212706375
0.5140436515824262	8.398875505843499
0.5152286445817565	8.534076072705721
0.516416369272071	8.664565637265126
0.5176068319505677	8.790396877209496
0.5188000389289611	8.911632544511441
0.519995996533516	9.028344672644208
0.5211947111050804	9.14061379142681
0.5223961889991198	9.248528155421083
0.5236004365857503	9.352182991096893
0.5248074602497727	9.451679767285468
0.5260172663907062	9.547125492764291
0.5272298614228228	9.63863204416892
0.5284452517751804	9.726315526814995
0.5296634438916579	9.810295670442532
0.5308844442309884	9.890695261368116
0.5321082592667943	9.967639612051507
0.533334895487621	10.041256068652846
0.5345643593969717	10.111673556774573
0.5357966575133416	10.179022165248673
0.5370317963702528	10.243432767542897
0.5382697825162883	10.305036680117214
0.5395106225151277	10.363965356862213
0.5407543229455809	10.420350118590674
0.5420008904016239	10.474321916430423
0.5432503314924333	10.526011127877087
0.5445026528424213	10.575547384206466
0.545757861091271	10.623059427915651
0.5470159628939717	10.668674998856119
0.5482769649208538	10.71252074773877
0.5495408738576246	10.754722175727299
0.5508076964054035	10.79540359889043
0.5520774392807574	10.834688136353344
0.5533501092157368	10.872697721072097
0.5546257129579109	10.90955313225083
0.5559042572704036	10.945374048528418
0.5571857489319298	10.980279121178475
0.5584701947368308	11.014386066693046
0.5597576014951101	11.047811778255955
0.5610479760324705	11.080672455756543
0.5623413251903491	11.113083754147981
0.5636376558259545	11.145160950117653
0.5649369748123025	11.17701912721129
0.5662392890382534	11.208773379737133
0.5675446054085471	11.240539035975516
0.5688529308438415	11.272431901432176
0.5701642722807475	11.304568523104468
0.571478636671867	11.337066475980537
0.5727960309858292	11.370044673265758
0.5741164622073276	11.403623702132892
0.5754399373371569	11.43792618712658
0.5767664633922508	11.473077183725211
0.5780960474057182	11.509204604980068
0.5794286964268811	11.546439684621607
0.5807644175213121	11.584917480553788
0.5821032177708715	11.62477742326243
0.5834451042737449	11.666163914354275
0.5847900841444807	11.709226981236084
0.5861381645140288	11.75412299485739
0.5874893525297767	11.801015458496721
0.588843655355589	11.850075876799583
0.5902010801718444	11.901484715706564
0.591561634175474	11.95543246558408
0.5929253245799999	12.012120821835182
0.5942921586155727	12.071763999582325
0.5956621435290105	12.134590201750829
0.5970352865838369	12.2008432631291
0.5984115950603197	12.270784496847574
0.5997910762555094	12.344694774340535
0.6011737374832781	12.422876875399458
0.6025595860743578	12.505658151605028
0.6039486293763798	12.593393554502697
0.6053408747539136	12.686469089695963
0.6067363295885054	12.785305769997613
0.6081350012787179	12.890364155441885
0.6095368972401692	13.002149586013527
0.610942024905572	13.121218235286813
0.6123503917247736	13.248184140951153
0.6137620051647943	13.383727402945093
0.6151768727098682	13.528603783623266
0.6165950018614822	13.683655999682044
0.618016400138416	13.849827065994036
0.6194410750767815	14.0281761417891
0.6208690342300636	14.219897446196844
0.6223002851691596	14.426342961821268
0.6237348354824193	14.649049843889236
0.6251726927756859	14.889773715516567
0.6266138646723355	15.150529380600751
0.628058358813318	15.433640958733703
0.6295061828571976	15.741804090270795
0.6309573444801934	16.07816374576243
0.6324118513762195	16.446412408128676
0.633869711256927	16.850915137124087
0.6353309318517437	17.29687051627671
0.6367955209079159	17.79052009905005
0.6382634861905487	18.33942430891462
0.6397348354826482	18.952830768528145
0.6412095765851616	19.64217332280249
0.6426877173170197	20.42175926276326
0.6441692655151774	21.3097331151788
0.6456542290346556	22.329456188498646
0.6471426157485832	23.51152732689196
0.6486344335482385	24.896821777136218
0.6501296903430908	26.541201478776106
0.6516283940608427	28.523077549854136
0.6531305526474724	30.95606606747877
0.654636174067275	34.0112452018063
0.6561452663029055	37.95874188370779
0.6576578373554206	43.25154742586314
0.6591738952443215	50.71178175044116
0.6606934480075961	62.002877131074094
0.662216503701762	81.07575805724676
0.6637430704019089	120.1609911339994
0.6652731562017414	245.32435465278175
0.6668067692136223	-2707.7256124632186
0.6683439175686147	-289.8141494416206
0.6698846094165264	-167.98921397016974
0.6714288529259523	-122.14131314242606
0.6729766562843178	-97.58122889289508
0.674528027697922	-82.0936124577328
0.6760829753919818	-71.35263753739501
0.6776415076106751	-63.42324526193628
0.6792036326171845	-57.30474405032994
0.6807693586937414	-52.4253593262804
0.6823386941416696	-48.43360322225714
0.6839116472814294	-45.10094943065726
0.6854882264526616	-42.272075027024535
0.6870684400142322	-39.83753733333608
0.6886522963442762	-37.71788388185252
0.690239803840242	-35.853964807021065
0.6918309709189365	-34.200788484657565
0.6934258060165691	-32.72349123950403
0.6950243175887968	-31.394616086091343
0.6966265141107688	-30.192228433827225
0.6982324040771715	-29.098582119964476
0.6998419960022736	-28.09915633514362
0.7014552984199713	-27.18194804632762
0.7030723198838335	-26.336943905098607
0.704693068967147	-25.555720484003288
0.706317554262962	-24.83113773810534
0.7079457843841379	-24.157101178783275
0.7095777679633888	-23.52837536633697
0.7112135136533291	-22.940436198163397
0.7128530301265196	-22.389352854117632
0.7144963260755134	-21.87169264780528
0.7161434102129021	-21.38444373886434
0.7177942912713617	-20.924951896254157
0.7194489780036996	-20.490868406779082
0.7211074791828996	-20.080106892279122
0.7227698036021704	-19.690807299192606
0.7244359600749901	-19.321305701714266
0.7261059574351548	-18.970108847166912
0.7277798045368241	-18.63587259281603
0.7294575102545688	-18.31738355401606
0.7311390834834175	-18.013543416574755
0.7328245331389042	-17.72335547058088
0.7345138681571151	-17.445913005374894
0.7362070974947362	-17.18038927085383
0.737904230129101	-16.92602876267957
0.7396052750582379	-16.68213963106672
0.7413102413009176	-16.44808704685956
0.7430191378967015	-16.223287386253556
0.7447319739059891	-16.00720311808392
0.7464487584100666	-15.79933829610915
0.7481695005111544	-15.599234573959977
0.7498942093324559	-15.406467673031019
0.7516228940182056	-15.220644244064314
0.7533555637337175	-15.041399071900686
0.755092227665434	-14.868392580181174
0.7568328950209745	-14.701308598914101
0.7585775750291839	-14.53985236299186
0.760326276940182	-14.383748714112317
0.7620790100254121	-14.232740482265044
0.7638357835776908	-14.086587026096161
0.7655966069112564	-13.945062914155088
0.767361489361819	-13.807956731328387
0.7691304402866097	-13.675069996740355
0.7709034690644302	-13.546216181099101
0.7726805850957024	-13.421219812931453
0.7744617978025188	-13.299915664416794
0.7762471166286917	-13.182148008627548
0.7780365510398041	-13.067769940937351
0.7798301105232588	-12.956642758188137
0.7816278045883297	-12.848635389931195
0.7834296427662119	-12.743623876690686
0.7852356346100718	-12.64149089075243
0.7870457896950986	-12.542125295467844
0.7888601176185545	-12.44542173949084
0.7906786279998251	-12.351280282743035
0.7925013304804718	-12.259606051235204
0.7943282347242815	-12.170308918167935
0.7961593504173188	-12.083303208994536
0.7979946872679766	-11.998507428361473
0.7998342550070284	-11.915844007046445
0.8016780633876791	-11.835239067197906
0.8035261221856173	-11.756622204342426
0.8053784411990667	-11.679926284772572
0.8072350302488382	-11.605087257057535
0.8090958991783823	-11.532043976535949
0.8109610578538409	-11.46073804175432
0.8128305161640993	-11.391113641908944
0.8147042840208396	-11.323117414432941
0.8165823713585925	-11.256698311946378
0.81846478813479	-11.191807477855775
0.8203515443298183	-11.128398129950982
0.8222426499470712	-11.066425451403317
0.8241381150130024	-11.0058464886192
0.8260379495771788	-10.946620055449186
0.8279421637123342	-10.888706643293991
0.8298507675144225	-10.832068336686222
0.8317637711026711	-10.776668733961161
0.8336811846196344	-10.722472872660601
0.835603018231248	-10.669447159342205
0.8375292821268826	-10.61755930349272
0.8394599865193975	-10.566778255266522
0.8413951416451951	-10.517074146792742
0.8433347577642755	-10.468418236813722
0.84527884516029	-10.420782858435457
0.8472274141405965	-10.374141369787058
0.8491804750363139	-10.328468107401445
0.8511380382023765	-10.283738342143105
0.8531001140175896	-10.239928237521674
0.8550667128846834	-10.19701481024127
0.8570378452303697	-10.15497589284682
0.8590135215053958	-10.113790098337933
0.8609937521846007	-10.073436786630127
0.8629785477669704	-10.033896032751791
0.8649679187756933	-9.995148596672484
0.8669618757582167	-9.957175894665765
0.8689604292863019	-9.919959972115974
0.8709635899560808	-9.883483477684697
0.8729713683881117	-9.847729638758032
0.8749837752274362	-9.812682238101175
0.8770008211436349	-9.778325591651496
0.8790225168308845	-9.744644527385942
0.8810488730080143	-9.711624365202345
0.8830799004185629	-9.679250897758656
0.8851156098308356	-9.647510372217008
0.887156012037961	-9.616389472843466
0.8892011178579485	-9.585875304416824
0.8912509381337457	-9.555955376403148
0.8933054837332954	-9.526617587855164
0.895364765549594	-9.497850212998095
0.8974287945007485	-9.46964188746595
0.8994975815300352	-9.441981595154457
0.901571137605957	-9.41485865565864
0.9036494737223015	-9.38826271226515
0.9057326008982002	-9.362183720471107
0.9078205301781858	-9.336611937002846
0.9099132726322516	-9.311537909309576
0.9120108393559098	-9.286952465508193
0.9141132414702503	-9.262846704757195
0.9162204901219998	-9.239211988038443
0.9183325964835809	-9.21603992932711
0.9204495717531713	-9.193322387131023
0.9225714271547633	-9.171051456381662
0.9246981739382226	-9.149219460660165
0.9268298233793493	-9.12781894474247
0.9289663867799364	-9.106842667448683
0.9311078754678304	-9.08628359478245
0.9332543007969911	-9.066134893347021
0.9354056741475519	-9.046389924025295
0.9375620069258803	-9.027042235911788
0.9397233105646379	-9.008085560485178
0.9418895965228414	-8.989513806010686
0.9440608762859235	-8.971321052161928
0.9462371613657931	-8.953501544852646
0.9484184633008972	-8.936049691269096
0.9506047936562816	-8.918960055094265
0.952796164023652	-8.902227351915748
0.954992586021436	-8.885846444809273
0.9571940712948446	-8.869812340090457
0.9594006315159332	-8.854120183227682
0.9616122783836647	-8.838765254909267
0.9638290236239706	-8.823742967258553
0.9660508789898135	-8.809048860190742
0.9682778562612492	-8.794678597905726
0.9705099672454898	-8.780627965511254
0.9727472237769652	-8.766892865771307
0.9749896377173871	-8.753469315974495
0.9772372209558108	-8.740353444917847
0.979489985408699	-8.727541490001297
0.9817479430199845	-8.715029794428666
0.9840111057611338	-8.702814804510783
0.9862794856312106	-8.690893067067101
0.988553094656939	-8.679261226921732
0.9908319448927677	-8.667916024490543
0.9931160484209339	-8.656854293455755
0.9954054173515271	-8.646072958524835
0.9977000638225535	-8.635569033270523
1.0000000000000002	-8.62533961804913
1.0023052380778998	-8.615381897994045
1.0046157902783952	-8.605693141082016
1.0069316688518044	-8.596270696269322
1.0092528860766845	-8.58711199169569
1.0115794542598986	-8.578214532953238
1.0139113857366795	-8.569575901418478
1.0162486928706957	-8.56119375264514
1.018591388054117	-8.553065814815561
1.0209394837076802	-8.545189887249066
1.0232929922807543	-8.537563838965044
1.0256519262514077	-8.53018560729923
1.0280162981264738	-8.523053196571333
1.0303861204416163	-8.516164676802335
1.0327614057613976	-8.509518182480067
1.035142166679344	-8.503111911371334
1.0375284158180127	-8.496944123379425
1.0399201658290593	-8.491013139445311
1.0423174293933042	-8.485317340491559
1.0447202192208	-8.479855166407544
1.0471285480508996	-8.474625115074705
1.0495424286523223	-8.469625741430885
1.051961873823223	-8.46485565657255
1.0543868963912588	-8.460313526893897
1.0568175092136585	-8.455998073261815
1.0592537251772889	-8.451908070225848
1.0616955571987248	-8.448042345262165
1.0641430182243161	-8.444399778050773
1.066596121230258	-8.440979299785047
1.069054879222658	-8.437779892512982
1.0715193052376064	-8.434800588509189
1.0739894123412448	-8.432040469677222
1.076465213629835	-8.429498666981258
1.0789467222298288	-8.427174359906823
1.081433951297938	-8.425066775949704
1.0839269140212036	-8.423175190132618
1.0864256236170655	-8.42149892454913
1.0889300933334336	-8.420037347934201
1.0914403364487566	-8.418789875260991
1.093956366272094	-8.417755967363474
1.096478196143185	-8.416935130584362
1.099005839432521	-8.416326916448073
1.101539309541415	-8.415930921358235
1.1040786199020733	-8.415746786319593
1.1066237839776665	-8.415774196683744
1.1091748152624012	-8.416012881918677
1.1117317272815914	-8.41646261540166
1.11429453359173	-8.417123214235344
1.1168632477805611	-8.417994539086843
1.1194378834671517	-8.419076494049555
1.1220184543019636	-8.420369026527663
1.1246049739669266	-8.421872127142992
1.1271974561755105	-8.423585829664288
1.1297959146727978	-8.42551021095872
1.132400363235557	-8.427645390965509
1.135010815672315	-8.429991532691638
1.1376272858234309	-8.43254884222966
1.1402497875611688	-8.43531756879751
1.1428783347897717	-8.438298004800359
1.1455129414455358	-8.441490485914546
1.1481536214968828	-8.444895391193604
1.1508003889444358	-8.448513143196491
1.1534532578210923	-8.452344208138017
1.1561122421920988	-8.456389096061777
1.1587773561551262	-8.460648361035448
1.1614486138403428	-8.46512260136881
1.1641260294104914	-8.469812459854653
1.1668096170609625	-8.474718624032612
1.1694993910198712	-8.479841826476347
1.1721953655481305	-8.485182845104113
1.1748975549395297	-8.490742503513234
1.1776059735208075	-8.49652167133845
1.1803206356517297	-8.50252126463478
1.1830415557251648	-8.508742246284957
1.1857687481671602	-8.515185626432016
1.1885022274370185	-8.521852462937252
1.191242008027375	-8.528743861864053
1.1939881044642733	-8.535860977988056
1.1967405313072437	-8.543205015334026
1.199499303149379	-8.550777227739994
1.202264434617413	-8.558578919449193
1.2050359403717976	-8.566611445730281
1.2078138351067804	-8.574876213526517
1.2105981335504825	-8.583374682134403
1.2133888504649772	-8.59210836391258
1.216186000646368	-8.601078825021451
1.2189895989248667	-8.610287686194452
1.221799660164872	-8.619736623541616
1.2246161992650488	-8.629427369386178
1.2274392311584075	-8.639361713135141
1.2302687708123816	-8.649541502184608
1.2331048332289092	-8.65996864286073
1.2359474334445106	-8.670645101397366
1.2387965865303692	-8.68157290495127
1.241652307592411	-8.692754142655968
1.2445146117713852	-8.704190966715306
1.247383514242943	-8.715885593537894
1.2502590302177203	-8.727840304913522
1.253141174941416	-8.740057449232884
1.256029963694875	-8.752539442751818
1.2589254117941673	-8.76528877090143
1.2618275345906707	-8.778307989645528
1.2647363474711515	-8.791599726886828
1.2676518658578457	-8.805166683923389
1.2705741052085417	-8.819011636957029
1.2735030810166619	-8.8331374386552
1.2764388088113439	-8.847547019768246
1.2793813041575248	-8.86224339080373
1.2823305826560216	-8.877229643759803
1.2852866599436157	-8.892508953919535
1.288249551693134	-8.908084581708415
1.2912192736135344	-8.923959874616962
1.2941958414499861	-8.940138269190934
1.297179270983956	-8.956623293091317
1.3001695780332905	-8.973418567226714
1.3031667784522996	-8.990527807960529
1.3061708881318417	-9.007954829395805
1.3091819229994073	-9.025703545740452
1.3121998990192034	-9.04377797375575
1.3152248321922384	-9.062182235291312
1.3182567385564072	-9.080920559909627
1.3212956341865754	-9.099997287603543
1.3243415351946648	-9.119416871610277
1.3273944577297396	-9.139183881325527
1.3304544179780913	-9.159303005321553
1.3335214321633242	-9.179779054473288
1.3365955165464425	-9.200616965196627
1.3396766874259352	-9.221821802803278
1.342764961137864	-9.243398764976913
1.3458603540559484	-9.265353185375199
1.3489628825916538	-9.28769053736304
1.3520725631942774	-9.310416437882084
1.3551894123510362	-9.333536651462211
1.3583134465871542	-9.357057094380666
1.3614446824659503	-9.380983838975075
1.3645831365889247	-9.405323118116591
1.3677288255958493	-9.43008132985002
1.3708817661648538	-9.455265042207767
1.3740419750125152	-9.48088099820518
1.3772094688939467	-9.506936121024887
1.380384264602885	-9.533437519398301
1.3835663789717811	-9.56039249319287
1.3867558288718886	-9.587808539213997
1.3899526312133534	-9.615693357231041
1.3931568029453032	-9.644054856237345
1.3963683610559376	-9.672901160954726
1.3995873225726183	-9.702240618593326
1.4028137045619584	-9.732081805878359
1.406047524129914	-9.762433536355957
1.409288798421875	-9.793304867990832
1.4125375446227544	-9.824705111069171
1.4157937799570817	-9.856643836421036
1.4190575216890924	-9.889130883977133
1.4223287871228198	-9.92217637167562
1.4256075936021884	-9.955790704735804
1.428893958511103	-9.989984585315913
1.4321878992735435	-10.024769022573674
1.435489433353656	-10.06015534314906
1.4387985782558455	-10.096155202089921
1.4421153515248688	-10.132780594242146
1.4454397707459277	-10.170043866127376
1.4487718535447618	-10.20795772833272
1.4521116175877424	-10.246535268437944
1.455459080581966	-10.285789964507536
1.4588142602753484	-10.325735699176432
1.4621771744567182	-10.366386774359697
1.4655478409559117	-10.407757926618672
1.468926277643867	-10.449864343217785
1.472312502432719	-10.492721678908167
1.4757065332758947	-10.536346073476707
1.4791083881682077	-10.580754170101326
1.4825180851459536	-10.625963134555798
1.4859356422870071	-10.671990675310205
1.4893610777109154	-10.71885506457589
1.4927944095789962	-10.766575160346996
1.4962356560944337	-10.815170429493724
1.4996848355023737	-10.86466097196637
1.5031419660900225	-10.915067546172555
1.5066070661867421	-10.96641159559457
1.5100801541641484	-11.018715276717712
1.5135612484362084	-11.072001488345572
1.5170503674593367	-11.126293902382972
1.5205475297324957	-11.181616996172991
1.5240527537972914	-11.237996086479923
1.5275660582380728	-11.295457365216915
1.5310874616820302	-11.354027937023222
1.5346169827992946	-11.41373585880376
1.5381546403030348	-11.474610181351226
1.5417004529495595	-11.536680993179955
1.545254439538414	-11.599979466709337
1.5488166189124815	-11.664537906945235
1.5523870099580825	-11.730389802818003
1.5559656316050747	-11.797569881347783
1.5595525028269537	-11.866114164820209
1.5631476426409543	-11.936060031169362
1.5667510701081493	-12.007446277779582
1.5703628043335527	-12.08031318893421
1.5739828644662197	-12.154702607156304
1.5776112696993487	-12.230658008705927
1.5812480392703834	-12.308224583519179
1.5848931924611136	-12.387449319896378
1.588546748597779	-12.468381094272186
1.5922087270511702	-12.551070766426342
1.5958791472367329	-12.63557128052391
1.599558028614669	-12.721937772405228
1.6032453906900417	-12.810227683581376
1.6069412530128775	-12.900500882428735
1.6106456351782705	-12.992819793118915
1.6143585568264864	-13.087249532865727
1.618080037643066	-13.183858058121988
1.6218100973589302	-13.282716320414263
1.6255487557504842	-13.383898432564898
1.6292960326397226	-13.487481846118003
1.6330519478943346	-13.593547540860358
1.6368165214278088	-13.702180227409807
1.6405897731995396	-13.813468563934718
1.6443717232149317	-13.927505388167399
1.6481623915255084	-14.044387965985909
1.6519617982290151	-14.164218257960616
1.6557699634695284	-14.287103205398923
1.6595869074375609	-14.413155037572187
1.6634126503701696	-14.542491601977712
1.6672472125510631	-14.67523671967618
1.6710906143107078	-14.8115205679537
1.6749428760264375	-14.95148009279191
1.6788040181225605	-15.09525945389012
1.6826740610704676	-15.24301050527674
1.6865530253887413	-15.394893314875
1.6904409316432643	-15.551076726756845
1.6943378004473286	-15.711738970233304
1.6982436524617446	-15.8770683203973
1.7021585083949506	-16.047263815261623
1.7060823890031236	-16.222536035231403
1.7100153150902877	-16.40310795132472
1.7139573075084256	-16.589215849320865
1.7179083871575882	-16.7811103378856
1.7218685749860072	-16.979057449712737
1.7258378919902038	-17.18333984585101
1.7298163592151017	-17.394258134675663
1.7338039977541382	-17.612132318442423
1.7378008287493756	-17.837303382057055
1.7418068733916143	-18.070135040644097
1.745822152920504	-18.311015664745756
1.749846688624657	-18.56036040457787
1.7538805018417614	-18.818613537775846
1.757923613958693	-19.08625106855164
1.7619760464116294	-19.363783610242262
1.7660378206861647	-19.651759587965177
1.7701089583174212	-19.950768803634976
1.774189480890166	-20.26144641209271
1.778279410038923	-20.58447736474156
1.7823787674480898	-20.92060138610096
1.786487574852051	-21.270618559363335
1.7906058540352945	-21.635395609711125
1.7947336268325267	-22.01587298924936
1.798870915128788	-22.41307288545935
1.8030177408595691	-22.8281082967366
1.807174126010927	-23.262193344660616
1.8113400926196026	-23.71665502418476
1.8155156627731355	-24.192946631228065
1.8197008586099834	-24.692663153846286
1.823895702319638	-25.21755897034978
1.8281002161427427	-25.76956826811807
1.8323144223712116	-26.350828683896957
1.8365383433483464	-26.96370877455327
1.840772001468956	-27.610840062479305
1.8450154191794736	-28.295154569792782
1.8492686189780783	-29.019928970382633
1.8535316234148114	-29.788836762311014
1.8578044550916986	-30.60601021338191
1.8620871366628675	-31.476114284586334
1.86637969083467	-32.40443532347117
1.8706821403658007	-33.39698808890109
1.8749945080674189	-34.460645685158006
1.8793168168032686	-35.603298338244834
1.8836490894898006	-36.83404877065364
1.8879913490962936	-38.163454409888395
1.8923436186449756	-39.60383007353533
1.8967059212111463	-41.169629512815
1.9010782799233001	-42.87793087178574
1.9054607179632472	-44.74906065134418
1.9098532585662382	-46.80740458210549
1.914255925021086	-49.08247415878831
1.9186687406702896	-51.61032809461715
1.9230917289101586	-54.43549458186774
1.9275249131909362	-57.613613051255264
1.9319683170169242	-61.21513052619619
1.9364219639466074	-65.3305787420348
1.9408858775927782	-70.07828125191352
1.9453600816226628	-75.61590447710871
1.9498445997580456	-82.15829219610539
1.9543394557753948	-90.00596872567374
1.95884467350599	-99.59258110179152
1.963360276836047	-111.56778998276945
1.967886289706845	-126.95090674377403
1.9724227361148539	-147.43740341216153
1.976969640111861	-176.07104113110967
1.9815270258050985	-218.9166872388269
1.9860949173573716	-290.0456461558768
1.990673338987187	-431.25598988581095
1.9952623149688797	-846.6690837675719
1.9998618696327444	-28960.52257897966