0.01	1.9950711257073102
0.010023052380778994	1.9950607165421996
0.010046157902783952	1.9950502848413576
0.01006931668851804	1.9950398305521944
0.010092528860766845	1.9950293536219765
0.010115794542598982	1.9950188539978186
0.010139113857366794	1.9950083316267087
0.010162486928706953	1.994997786455466
0.010185913880541169	1.9949872184307778
0.010209394837076797	1.9949766274991807
0.010232929922807542	1.994966013607061
0.010256519262514073	1.9949553767006656
0.010280162981264735	1.9949447167260779
0.010303861204416159	1.9949340336292485
0.010327614057613975	1.9949233273559648
0.010351421666793436	1.9949125978518747
0.010375284158180127	1.9949018450624707
0.01039920165829059	1.994891068933093
0.010423174293933041	1.994880269408933
0.010447202192207999	1.9948694464350292
0.010471285480508996	1.994858599956263
0.01049542428652322	1.9948477299173717
0.01051961873823223	1.994836836262931
0.010543868963912587	1.9948259189373627
0.010568175092136586	1.9948149778849382
0.010592537251772886	1.9948040130497746
0.010616955571987247	1.9947930243758198
0.010641430182243158	1.994782011806879
0.010665961212302578	1.9947709752865994
0.010690548792226577	1.9947599147584645
0.010715193052376065	1.9947488301658047
0.010739894123412445	1.9947377214517852
0.010764652136298349	1.9947265885594199
0.010789467222298286	1.9947154314315545
0.01081433951297938	1.994704250010883
0.010839269140212033	1.9946930442399287
0.010864256236170655	1.994681814061067
0.010889300933334333	1.994670559416493
0.010914403364487566	1.994659280248254
0.010939563662720937	1.9946479764982288
0.01096478196143185	1.9946366481081326
0.010990058394325208	1.994625295019512
0.01101539309541415	1.9946139171737542
0.011040786199020729	1.994602514512083
0.011066237839776664	1.9945910869755439
0.01109174815262401	1.9945796345050286
0.011117317272815914	1.9945681570412546
0.011142945335917299	1.9945566545247713
0.011168632477805612	1.994545126895965
0.011194378834671514	1.9945335740950452
0.011220184543019636	1.9945219960620524
0.011246049739669263	1.9945103927368664
0.011271974561755105	1.9944987640591831
0.011297959146727977	1.9944871099685353
0.011324003632355572	1.9944754304042787
0.01135010815672315	1.994463725305595
0.01137627285823431	1.994451994611502
0.011402497875611685	1.9944402382608313
0.011428783347897719	1.9944284561922458
0.011455129414455355	1.9944166483442338
0.01148153621496883	1.994404814655104
0.011508003889444356	1.994392955062988
0.011534532578210924	1.9943810695058446
0.011561122421920988	1.9943691579214524
0.011587773561551261	1.9943572202474067
0.011614486138403426	1.9943452564211344
0.011641260294104915	1.9943332663798696
0.011668096170609623	1.994321250060677
0.011694993910198712	1.9943092074004276
0.011721953655481303	1.994297138335824
0.011748975549395297	1.994285042803379
0.011776059735208072	1.9942729207394214
0.011803206356517298	1.9942607720800998
0.011830415557251646	1.9942485967613737
0.011857687481671602	1.9942363947190207
0.011885022274370183	1.9942241658886308
0.01191242008027375	1.9942119102056126
0.011939881044642732	1.9941996276051739
0.011967405313072436	1.9941873180223515
0.011994993031493787	1.994174981391981
0.012022644346174132	1.9941626176487155
0.012050359403717974	1.9941502267270126
0.012078138351067804	1.9941378085611439
0.012105981335504822	1.9941253630851863
0.012133888504649774	1.994112890233028
0.012161860006463679	1.994100389938359
0.012189895989248667	1.9940878621346823
0.012217996601648717	1.9940753067552988
0.01224616199265049	1.994062723733324
0.012274392311584071	1.9940501130016648
0.012302687708123818	1.994037474493046
0.01233104833228909	1.9940248081399854
0.012359474334445108	1.9940121138748035
0.01238796586530369	1.9939993916296277
0.012416523075924113	1.9939866413363794
0.01244514611771385	1.9939738629267862
0.012473835142429432	1.9939610563323686
0.0125025903021772	1.9939482214844502
0.012531411749414162	1.9939353583141508
0.012560299636948748	1.9939224667523834
0.012589254117941675	1.9939095467298635
0.012618275345906706	1.9938965981770953
0.012647363474711517	1.9938836210243869
0.012676518658578455	1.9938706152018282
0.012705741052085419	1.9938575806393075
0.012735030810166616	1.9938445172665127
0.012764388088113442	1.9938314250129137
0.012793813041575246	1.9938183038077701
0.012823305826560218	1.9938051535801427
0.012852866599436154	1.993791974258866
0.012882495516931342	1.9937787657725734
0.012912192736135341	1.9937655280496829
0.012941958414499863	1.9937522610184033
0.01297179270983956	1.993738964606722
0.013001695780332907	1.9937256387424167
0.013031667784522994	1.9937122833530456
0.013061708881318418	1.993698898365957
0.01309181922999407	1.9936854837082723
0.013121998990192035	1.9936720393069032
0.013152248321922383	1.9936585650885377
0.013182567385564075	1.9936450609796486
0.013212956341865752	1.9936315269064797
0.013243415351946643	1.9936179627950679
0.013273944577297395	1.9936043685712088
0.013304544179780914	1.993590744160488
0.01333521432163324	1.993577089488268
0.013365955165464419	1.9935634044796793
0.01339676687425935	1.993549689059628
0.013427649611378642	1.9935359431528012
0.013458603540559484	1.9935221666836453
0.013489628825916533	1.993508359576392
0.013520725631942771	1.9934945217550373
0.013551894123510363	1.9934806531433447
0.013583134465871541	1.9934667536648505
0.013614446824659497	1.9934528232428645
0.013645831365889245	1.9934388618004555
0.013677288255958495	1.9934248692604595
0.013708817661648536	1.9934108455454798
0.01374041975012515	1.9933967905778867
0.013772094688939465	1.993382704279812
0.013803842646028852	1.993368586573147
0.01383566378971781	1.993354437379557
0.01386755828871888	1.993340256620454
0.013899526312133533	1.9933260442170164
0.013931568029453036	1.9933118000901835
0.013963683610559377	1.9932975241606485
0.013995873225726178	1.993283216348872
0.014028137045619582	1.9932688765750557
0.014060475241299136	1.9932545047591652
0.014092887984218748	1.993240100820925
0.01412537544622754	1.9932256646798048
0.014157937799570816	1.9932111962550336
0.014190575216890919	1.993196695465587
0.014223287871228198	1.993182162230194
0.014256075936021878	1.9931675964673357
0.01428893958511103	1.9931529980952332
0.014321878992735432	1.993138367031867
0.014354894333536561	1.9931237031949556
0.014387985782558451	1.9931090065019734
0.014421153515248688	1.9930942768701265
0.014454397707459272	1.993079514216375
0.014487718535447617	1.9930647184574157
0.01452111617587742	1.9930498895096966
0.014554590805819662	1.993035027289393
0.014588142602753481	1.9930201317124336
0.014621771744567183	1.9930052026944756
0.014655478409559114	1.9929902401509203
0.014689262776438668	1.9929752439969053
0.014723125024327186	1.9929602141473002
0.014757065332758947	1.9929451505167144
0.014791083881682071	1.9929300530194909
0.014825180851459537	1.9929149215696973
0.014859356422870068	1.9928997560811443
0.014893610777109155	1.9928845564673645
0.01492794409578996	1.9928693226416272
0.014962356560944336	1.992854054516923
0.014996848355023733	1.9928387520059774
0.015031419660900224	1.992823415021237
0.015066070661867418	1.9928080434748743
0.015100801541641486	1.9927926372787892
0.01513561248436208	1.9927771963446028
0.015170503674593369	1.9927617205836565
0.015205475297324954	1.992746209907013
0.015240527537972915	1.9927306642254616
0.015275660582380723	1.9927150834495053
0.015310874616820304	1.9926994674893608
0.015346169827992941	1.992683816254967
0.01538154640303035	1.992668129655977
0.015417004529495591	1.9926524076017558
0.01545254439538414	1.9926366500013888
0.01548816618912481	1.9926208567636652
0.015523870099580825	1.9926050277970901
0.015559656316050743	1.992589163009876
0.015595525028269538	1.9925732623099415
0.015631476426409538	1.9925573256049258
0.015667510701081494	1.9925413528021545
0.015703628043335523	1.9925253438086732
0.015739828644662196	1.9925092985312298
0.015776112696993486	1.992493216876269
0.015812480392703835	1.9924770987499392
0.015848931924611134	1.9924609440580945
0.01588546748597779	1.9924447527062823
0.0159220872705117	1.9924285245997506
0.01595879147236733	1.9924122596434442
0.01599558028614669	1.9923959577420045
0.016032453906900418	1.9923796187997649
0.016069412530128772	1.9923632427207534
0.016106456351782705	1.9923468294086888
0.01614358556826486	1.992330378766987
0.01618080037643066	1.9923138906987439
0.0162181009735893	1.9922973651067504
0.016255487557504843	1.992280801893481
0.016292960326397224	1.9922642009611011
0.016330519478943345	1.9922475622114533
0.016368165214278085	1.9922308855460673
0.016405897731995397	1.9922141708661585
0.016443717232149314	1.9921974180726154
0.016481623915255084	1.9921806270660107
0.01651961798229015	1.9921637977465994
0.016557699634695285	1.9921469300143042
0.016595869074375606	1.9921300237687283
0.016634126503701697	1.9921130789091517
0.016672472125510627	1.9920960953345226
0.01671090614310708	1.9920790729434614
0.016749428760264373	1.9920620116342642
0.016788040181225608	1.99204491130489
0.016826740610704674	1.992027771852965
0.016865530253887415	1.9920105931757928
0.01690440931643264	1.9919933751703245
0.01694337800447329	1.9919761177331894
0.016982436524617443	1.9919588207606729
0.01702158508394951	1.9919414841487226
0.017060823890031235	1.9919241077929448
0.01710015315090288	1.9919066915886057
0.017139573075084253	1.9918892354306281
0.017179083871575886	1.9918717392135852
0.01721868574986007	1.991854202831713
0.01725837891990204	1.9918366261788918
0.017298163592151014	1.9918190091486585
0.017338039977541384	1.9918013516342008
0.017378008287493755	1.9917836535283473
0.017418068733916145	1.9917659147235827
0.017458221529205037	1.9917481351120305
0.017498466886246566	1.9917303145854566
0.017538805018417612	1.9917124530352808
0.01757923613958693	1.9916945503525514
0.017619760464116292	1.9916766064279656
0.01766037820686164	1.9916586211518548
0.01770108958317421	1.9916405944141824
0.017741894808901662	1.991622526104557
0.01778279410038923	1.9916044161122142
0.017823787674480892	1.9915862643260207
0.01786487574852051	1.991568070634483
0.01790605854035295	1.9915498349257248
0.017947336268325266	1.9915315570875072
0.017988709151287873	1.9915132370072135
0.01803017740859569	1.9914948745718517
0.018071741260109277	1.991476469668051
0.018113400926196024	1.991458022182064
0.01815515662773135	1.9914395319997718
0.018197008586099836	1.991420999006655
0.018238957023196382	1.9914024230878267
0.018281002161427428	1.9913838041280112
0.01832314422371211	1.9913651420115477
0.018365383433483463	1.9913464366223825
0.018407720014689564	1.9913276878440789
0.018450154191794736	1.9913088955598055
0.01849268618978078	1.991290059652336
0.018535316234148114	1.9912711800040546
0.01857804455091699	1.991252256496951
0.018620871366628676	1.991233289012607
0.018663796908346696	1.991214277432218
0.018706821403658005	1.9911952216365696
0.018749945080674194	1.9911761215060535
0.018793168168032684	1.991156976920647
0.018836490894898	1.991137787759928
0.018879913490962935	1.9911185539030674
0.01892343618644976	1.99109927522882
0.018967059212111465	1.99107995161554
0.019010782799232996	1.9910605829411634
0.019054607179632473	1.9910411690832064
0.019098532585662388	1.9910217099187841
0.01914255925021086	1.991002205324579
0.01918668740670289	1.990982655176861
0.019230917289101587	1.990963059351478
0.019275249131909367	1.9909434177238536
0.01931968317016924	1.9909237301689904
0.01936421963946607	1.9909039965614606
0.01940885877592778	1.9908842167754062
0.019453600816226622	1.9908643906845467
0.019498445997580455	1.9908445181621623
0.019543394557753942	1.9908245990811058
0.0195884467350599	1.990804633313787
0.019633602768360466	1.9907846207321858
0.01967886289706845	1.9907645612078393
0.019724227361148535	1.9907444546118451
0.01976969640111861	1.9907243008148576
0.01981527025805098	1.9907040996870793
0.019860949173573717	1.9906838510982827
0.019906733389871863	1.9906635549177767
0.0199526231496888	1.9906432110144245
0.01999861869632744	1.9906228192566429
0.020044720273651614	1.9906023795123868
0.020090928126087277	1.990581891649158
0.020137242498623885	1.9905613555340007
0.020183663636815608	1.9905407710335015
0.020230191786782717	1.9905201380137778
0.02027682719521282	1.9904994563404963
0.02032357010936222	1.9904787258788432
0.02037042077705718	1.9904579464935488
0.020417379446695295	1.9904371180488676
0.020464446367246737	1.9904162404085857
0.020511621788255656	1.9903953134360128
0.020558905959841414	1.9903743369939857
0.020606299132700005	1.9903533109448608
0.02065380155810529	1.990332235150519
0.020701413487910426	1.9903111094723553
0.020749135174549096	1.990289933771288
0.020796966871036958	1.9902687079077397
0.020844908830972887	1.9902474317416547
0.020892961308540396	1.9902261051324843
0.020941124558508925	1.9902047279391817
0.020989398836235244	1.9901833000202147
0.021037784397664752	1.990161821233554
0.021086281499332896	1.9901402914366708
0.021134890398366465	1.9901187104865343
0.021183611352485022	1.9900970782396106
0.02123244462000219	1.9900753945518665
0.02128139045982712	1.9900536592787605
0.021330449131465763	1.9900318722752386
0.021379620895022326	1.9900100333957411
0.021428906011200583	1.9899881424941903
0.021478304741305344	1.9899661994239974
0.021527817347243728	1.9899442040380522
0.02157744409152667	1.98992215618873
0.0216271852372702	1.9899000557278785
0.02167704104819695	1.989877902506826
0.021727011788637444	1.9898556963763714
0.02177709772353159	1.9898334371867852
0.021827299118430014	1.9898111247878116
0.02187761623949553	1.9897887590286554
0.021928049353504484	1.9897663397579914
0.021978598727848252	1.9897438668239538
0.022029264630534562	1.9897213400741356
0.022080047330189003	1.9896987593555902
0.022130947096056376	1.9896761245148267
0.022181964198002193	1.9896534353978028
0.02223309890651403	1.989630691849934
0.022284351492703042	1.9896078937160797
0.022335722228305314	1.9895850408405442
0.0223872113856834	1.989562133067081
0.022438819237827663	1.9895391702388796
0.022490546058357805	1.989516152198571
0.022542392121524292	1.9894930787882192
0.022594357702209782	1.989469949849329
0.022646443075930594	1.9894467652228307
0.022698648518838214	1.9894235247490861
0.022750974307720707	1.9894002282678829
0.022803420720004186	1.9893768756184365
0.0228559880337543	1.9893534666393786
0.022908676527677724	1.9893300011687631
0.02296148648112362	1.989306479044067
0.02301441817408509	1.989282900102165
0.02306747188720069	1.9892592641793627
0.023120647901755942	1.9892355711113627
0.023173946499684784	1.989211820733275
0.023227367963571076	1.9891880128796215
0.02328091257665008	1.9891641473843191
0.02333458062281002	1.9891402240806817
0.02338837238659355	1.9891162428014317
0.023442288153199226	1.9890922033786698
0.02349632820848307	1.9890681056438955
0.023550492838960088	1.989043949427999
0.02360478233180577	1.9890197345612521
0.023659196974857587	1.9889954608733114
0.023713737056616554	1.988971128193212
0.02376840286624876	1.9889467363493762
0.023823194693586902	1.9889222851695878
0.02387811282913178	1.988897774481012
0.023933157564053877	1.9888732041101789
0.023988329190194897	1.9888485738829906
0.024043628000069334	1.9888238836247116
0.024099054286865956	1.9887991331599641
0.024154608344449404	1.9887743223127354
0.024210290467361777	1.988749450906364
0.024266100950824154	1.9887245187635452
0.02432204009073816	1.9886995257063196
0.024378108183687526	1.9886744715560818
0.024434305526939714	1.9886493561335645
0.024490632418447456	1.9886241792588482
0.02454708915685031	1.9885989407513514
0.024603676041476275	1.9885736404298189
0.024660393372343388	1.9885482781123494
0.024717241450161305	1.988522853616347
0.024774220576332863	1.9884973667585604
0.024831331052955704	1.9884718173550597
0.024888573182823902	1.988446205221231
0.024945947269429548	1.9884205301717874
0.025003453616964322	1.9883947920207494
0.025061092530321138	1.9883689905814546
0.025118864315095794	1.9883431256665502
0.025176769277588558	1.9883171970879852
0.025234807724805755	1.988291204657018
0.02529297996446145	1.9882651481842049
0.02535128630497907	1.988239027479401
0.02540972705549305	1.988212842351753
0.025468302525850417	1.9881865926097035
0.02552701302661247	1.9881602780609762
0.02558585886905645	1.988133898512585
0.025644840365177175	1.9881074537708285
0.025703957827688646	1.9880809436412756
0.025763211570025753	1.9880543679287763
0.025822601906345957	1.988027726437454
0.025882129151530917	1.9880010189706978
0.02594179362118815	1.9879742453311637
0.026001595631652722	1.987947405320775
0.02606153549998895	1.987920498740704
0.026121613543992065	1.9878935253913907
0.02618183008218985	1.9878664850725247
0.02624218543384442	1.9878393775830392
0.026302679918953815	1.9878122027211202
0.0263633138582538	1.9877849602841988
0.02642408757321946	1.9877576500689365
0.02648500138606701	1.9877302718712417
0.02654605561975539	1.9877028254862503
0.0266072505979881	1.987675310708326
0.026668586645214792	1.9876477273310638
0.026730064086633115	1.9876200751472786
0.026791683248190316	1.987592353949008
0.026853444456585076	1.9875645635274988
0.026915348039269153	1.9875367036732174
0.026977394324449205	1.9875087741758368
0.027039583641088435	1.987480774824231
0.02710191631890843	1.9874527054064843
0.027164392688390823	1.9874245657098746
0.027227013080779128	1.9873963555208731
0.027289777828080404	1.9873680746251503
0.027352687263067124	1.9873397228075527
0.02741574171927882	1.98731129985212
0.027478941531023975	1.9872828055420722
0.02754228703338166	1.9872542396598012
0.027605778562203462	1.987225601986877
0.027669416454115112	1.9871968923040368
0.02773320104651841	1.9871681103911822
0.027797132677592883	1.9871392560273835
0.027861211686297706	1.9871103289908596
0.02792543841237338	1.9870813290589964
0.02798981319634363	1.9870522560083212
0.028054336379517132	1.9870231096145103
0.028119008303989407	1.9869938896523875
0.028183829312644536	1.9869645958959141
0.028248799749157075	1.9869352281181865
0.02831391995799379	1.9869057860914345
0.028379190284415566	1.9868762695870148
0.028444611074479154	1.9868466783754064
0.028510182675039096	1.9868170122262159
0.028575905433749466	1.9867872709081613
0.02864177969906581	1.9867574541890693
0.028707805820246905	1.9867275618358837
0.028773984147356695	1.9866975936146458
0.028840315031266057	1.9866675492905053
0.02890679882365476	1.986637428627701
0.028973435877013228	1.9866072313895657
0.029040226544644512	1.9865769573385244
0.029107171180666053	1.9865466062360855
0.029174270140011675	1.9865161778428295
0.029241523778433354	1.9864856719184303
0.029308932452503215	1.9864550882216183
0.029376496519615308	1.986424426510199
0.02944421633798762	1.986393686541038
0.029512092266663854	1.9863628680700682
0.029580124665515465	1.9863319708522664
0.029648313895243424	1.9863009946416725
0.029716660317380267	1.9862699391913643
0.029785164294291896	1.9862388042534687
0.029853826189179603	1.9862075895791453
0.02992264636608189	1.9861762949185928
0.029991625189876515	1.9861449200210368
0.030060763026282307	1.9861134646347287
0.03013006024186122	1.9860819285069404
0.03019951720402016	1.9860503113839614
0.030269134281013046	1.9860186130110984
0.030338911841942703	1.985986833132659
0.0304088502567628	1.9859549714919515
0.03047894989627983	1.9859230278312903
0.030549211132155123	1.985891001891985
0.030619634336906773	1.9858588934143304
0.03069021988391158	1.985826702137605
0.03076096814740708	1.9857944278000745
0.030831879502493532	1.9857620701389809
0.030902954325135904	1.9857296288905253
0.03097419299216581	1.98569710378989
0.031045595881283555	1.985664494571216
0.03111716337106017	1.985631800967598
0.031188895840939368	1.9855990227110873
0.03126079367123956	1.9855661595326837
0.031332857243155855	1.9855332111623243
0.031405086938762164	1.9855001773288943
0.03147748314101316	1.9854670577602067
0.03155004623374628	1.9854338521830068
0.03162277660168379	1.985400560322961
0.0316956746304349	1.9853671819046577
0.031768740706497704	1.9853337166515972
0.03184197521726125	1.9853001642861954
0.031915378551007616	1.9852665245297638
0.03198895109691397	1.9852327971025205
0.03206269324505466	1.9851989817235802
0.03213660538640318	1.985165078110942
0.032210687912834345	1.9851310859814901
0.03228494121712635	1.9850970050509917
0.03235936569296283	1.985062835034089
0.03243396173493494	1.9850285756442894
0.032508729738543435	1.9849942265939695
0.03258367010020087	1.9849597875943605
0.03265878321723358	1.984925258355555
0.032734069487883814	1.9848906385864888
0.032809529311311904	1.984855927994942
0.0328851630875983	1.9848211262875342
0.03296097121774578	1.9847862331697206
0.03303695410368147	1.9847512483457783
0.03311311214825911	1.9847161715188157
0.03318944575526103	1.9846810023907508
0.03326595532940045	1.9846457406623186
0.03334264127632349	1.98461038603306
0.03341950400261143	1.9845749382013143
0.03349654391578276	1.984539396864217
0.03357376142429547	1.9845037617176968
0.03365115693754907	1.9844680324564652
0.03372873086588689	1.9844322087740154
0.033806483620598154	1.9843962903626065
0.033884415613920256	1.9843602769132802
0.03396252725904084	1.9843241681158224
0.03404081897010009	1.9842879636587953
0.034119291162192845	1.984251663229495
0.03419794425137089	1.984215266513975
0.034276778654645026	1.9841787731970222
0.034355794789987466	1.9841421829621604
0.03443499307633384	1.9841054954916424
0.034514373933585626	1.9840687104664423
0.03459393778261219	1.9840318275662514
0.034673685045253165	1.983994846469472
0.03475361614432058	1.98395776685321
0.03483373150360118	1.9839205883932676
0.03491403154785861	1.98388331076415
0.03499451670283573	1.9838459336390435
0.03507518739525679	1.9838084566898149
0.035156044052829814	1.983770879587004
0.03523708710424871	1.9837332019998324
0.0353183169791957	1.9836954235961626
0.03539973410834346	1.9836575440425386
0.03548133892335755	1.983619563004133
0.03556313185689853	1.9835814801447806
0.03564511334262443	1.9835432951269483
0.035727283815192884	1.983505007611731
0.03580964371026361	1.9834666172588553
0.03589219346450052	1.9834281237266675
0.03597493351557424	1.9833895266721226
0.03605786430216423	1.9833508257507861
0.03614098626396133	1.983312020616823
0.03622429984166986	1.9832731109229969
0.03630780547701014	1.9832340963206518
0.036391503612720706	1.9831949764597214
0.03647539469256078	1.9831557509887048
0.03655947916131248	1.9831164195546762
0.03664375746478333	1.9830769818032723
0.036728230049808464	1.98303743737868
0.036812897364253146	1.9829977859236392
0.03689775985701503	1.98295802707943
0.036982817978026626	1.9829181604858672
0.0370680721782576	1.9828781857812956
0.03715352290971726	1.9828381026025799
0.03723917062545685	1.9827979105851006
0.03732501577957206	1.9827576093627484
0.03741105882720533	1.9827171985679133
0.037497300224548356	1.982676677831478
0.037583740428844416	1.9826360467828172
0.03767037989839089	1.9825953050497833
0.0377572190925416	1.9825544522587002
0.03784425847170934	1.9825134880343667
0.03793149849736819	1.9824724120000277
0.038018939632056124	1.982431223777393
0.038106582339377304	1.982389922986612
0.03819442708400466	1.9823485092462745
0.03828247433168226	1.9823069821734
0.03837072454922788	1.982265341383427
0.03845917820453535	1.9822235864902218
0.038547835766577186	1.9821817171060527
0.03863669770540691	1.9821397328415842
0.038725764492161724	1.98209763330589
0.03881503659906482	1.9820554181064167
0.03890451449942807	1.9820130868489985
0.03899419866765434	1.9819706391378433
0.039084089579240214	1.9819280745755148
0.039174187710778303	1.9818853927629458
0.03926449353995999	1.9818425932994055
0.03935500754557775	1.9817996757825143
0.03944573020752785	1.981756639808227
0.03953666200681279	1.9817134849708236
0.03962780342554395	1.9816702108628974
0.03971915494694403	1.9816268170753608
0.039810717055349734	1.981583303197425
0.03990249023621421	1.9815396688166012
0.03999447497610976	1.981495913518682
0.04008667176273028	1.9814520368877433
0.040179081084894	1.981408038506135
0.04027170343254591	1.9813639179544635
0.0403645392967605	1.9813196748116004
0.04045758916974426	1.9812753086546595
0.040550853544838394	1.9812308190589918
0.040644332916521274	1.98118620559819
0.04073802778041128	1.9811414678440535
0.04083193863326921	1.9810966053666152
0.040926065973001094	1.9810516177341018
0.04102041029866068	1.9810065045129444
0.04111497211045223	1.9809612652677628
0.04120975190973302	1.9809158995613563
0.041304750199016145	1.980870406954704
0.04139996748197304	1.9808247870069413
0.04149540426343631	1.980779039275364
0.04159106104940221	1.9807331633154175
0.04168693834703355	1.9806871586806865
0.041783036664662175	1.9806410249228845
0.041879356511791845	1.9805947615918449
0.04197589839910075	1.9805483682355187
0.04207266283844442	1.9805018443999585
0.042169650342858224	1.9804551896293154
0.04226686142656031	1.9804084034658243
0.04236429660495411	1.9803614854497957
0.0424619563946313	1.9803144351196198
0.04255984131337431	1.9802672520117335
0.04265795188015928	1.9802199356606343
0.04275628861515862	1.9801724855988574
0.042854852039743964	1.9801249013569744
0.042953642676488726	1.980077182463575
0.043052661049171055	1.9800293284452704
0.043151907682776526	1.9799813388266694
0.04325138310350088	1.9799332131303844
0.04335108783875289	1.9798849508770082
0.04345102241715714	1.9798365515851193
0.04355118736855686	1.9797880147712543
0.04365158322401661	1.979739339949915
0.04375221051582521	1.9796905266335525
0.04385306977749856	1.9796415743325462
0.043954161543782455	1.979592482555227
0.04405548635065534	1.9795432508078248
0.044157044735331254	1.9794938785944898
0.044258837236262644	1.9794443654172793
0.044360864393143254	1.979394710776122
0.044463126746910886	1.9793449141688506
0.04456562483975033	1.9792949750911581
0.0446683592150963	1.979244893036593
0.04477133041763626	1.9791946674965653
0.04487453899331323	1.9791442979603244
0.0449779854893288	1.979093783914951
0.045081670454146	1.9790431248453437
0.04518559443749224	1.9789923202342126
0.04528975799036209	1.978941369562072
0.04539416166502032	1.9788902723072275
0.04549880601500485	1.97883902794576
0.04560369159512962	1.9787876359515246
0.04570881896148749	1.9787360957961355
0.04581418867145335	1.9786844069489526
0.045919801283686855	1.978632568877079
0.0460256573581356	1.9785805810453416
0.04613175745603793	1.9785284429162864
0.04623810213992603	1.9784761539501685
0.046344691973628796	1.978423713604941
0.046451527522274945	1.9783711213362267
0.04655860935229589	1.978318376597343
0.04666593803142887	1.9782654788392586
0.046773514128719815	1.9782124275106026
0.04688133821452653	1.9781592220576372
0.04698941086052153	1.978105861924258
0.04709773263969529	1.9780523465519873
0.047206304126359046	1.9779986753799461
0.04731512589614805	1.9779448478448554
0.04742419852602446	1.9778908633810264
0.047533522594280536	1.9778367214203387
0.04764309868054156	1.977782421392239
0.04775292736576909	1.9777279627237274
0.047863009232263824	1.9776733448393382
0.047973344863668915	1.9776185671611424
0.04808393484497285	1.9775636291087175
0.04819477976251274	1.9775085300991586
0.04830588020397726	1.9774532695470501
0.04841723675840994	1.9773978468644522
0.0485288500162121	1.9773422614609069
0.048640720569146166	1.9772865127434052
0.04875284901033863	1.9772306001163904
0.048865235934283366	1.9771745229817412
0.04897788193684462	1.9771182807387482
0.04909078761526031	1.977061872784129
0.04920395356814509	1.9770052985119841
0.0493173803954936	1.9769485573138108
0.049431068698683536	1.9768916485784727
0.04954501908047903	1.9768345716922051
0.0496592321450336	1.976777326038577
0.04977370849789361	1.9767199109985092
0.049888448746001214	1.9766623259502392
0.05000345349769786	1.9766045702693158
0.05011872336272722	1.9765466433285892
0.050234258952238715	1.9764885444981954
0.05035006087879047	1.9764302731455403
0.05046612975635284	1.9763718286352965
0.0505824662003114	1.9763132103293823
0.050699070827470445	1.976254417586945
0.050815944256056046	1.9761954497643621
0.050933087105719546	1.9761363062152135
0.05105049999754062	1.9760769862902794
0.051168183554030786	1.9760174893375246
0.05128613839913648	1.9759578147020729
0.051404365158242614	1.9758979617262111
0.051522864458175645	1.9758379297493722
0.05164163692720711	1.9757777181081047
0.051760683195056764	1.9757173261360876
0.05188000389289612	1.975656753164094
0.051999599653351596	1.9755959985199858
0.052119471110508055	1.9755350615287048
0.05223961889991197	1.975473941512241
0.05236004365857504	1.975412637789646
0.05248074602497726	1.9753511496769924
0.05260172663907063	1.9752894764873827
0.05272298614228227	1.9752276175309136
0.05284452517751805	1.9751655721146784
0.05296634438916578	1.9751033395427502
0.053088444423098846	1.975040919116155
0.053210825926679424	1.9749783101328757
0.05333348954876211	1.974915511887821
0.053456435939697164	1.9748525236728285
0.053579665751334174	1.9747893447766305
0.05370317963702527	1.9747259744848566
0.05382697825162884	1.9746624120800056
0.05395106225151276	1.9745986568414433
0.0540754322945581	1.9745347080453746
0.05420008904016239	1.9744705649648389
0.054325033149243335	1.9744062268696914
0.05445026528424212	1.9743416930265905
0.054575786109127104	1.9742769626989722
0.05470159628939716	1.9742120351470516
0.05482769649208539	1.9741469096277944
0.054954087385762455	1.9740815853949074
0.05508076964054035	1.9740160616988205
0.05520774392807573	1.9739503377866772
0.05533501092157368	1.9738844129023074
0.055462571295791074	1.9738182862862232
0.05559042572704037	1.973751957175597
0.055718574893192985	1.9736854248042512
0.05584701947368309	1.973618688402633
0.055975760149511014	1.973551747197811
0.05610479760324706	1.9734846004134412
0.05623413251903491	1.9734172472697722
0.05636376558259546	1.9733496869836156
0.05649369748123025	1.9732819187683313
0.056623928903825345	1.9732139418338146
0.056754460540854715	1.9731457553864773
0.05688529308438413	1.9730773586292283
0.05701642722807475	1.973008750761467
0.057147863667186716	1.9729399309790587
0.057279603098582925	1.9728708984743124
0.05741164622073274	1.9728016524359793
0.057543993733715694	1.9727321920492236
0.05767664633922509	1.9726625164956102
0.05780960474057181	1.9725926249530836
0.05794286964268809	1.9725225165959612
0.05807644175213121	1.9724521905949024
0.05821032177708716	1.9723816461169006
0.05834451042737448	1.9723108823252602
0.05847900841444806	1.9722398983795886
0.05861381645140288	1.972168693435761
0.05874893525297769	1.972097266645924
0.0588843655355589	1.972025617158457
0.059020108017184415	1.9719537441179764
0.0591561634175474	1.9718816466652973
0.059292532458	1.9718093239374275
0.05942921586155727	1.9717367750675465
0.059566214352901034	1.9716639991849865
0.059703528658383694	1.9715909954152133
0.059841159506031985	1.9715177628798126
0.05997910762555094	1.9714443006964637
0.06011737374832779	1.971370607978927
0.06025595860743578	1.9712966838370232
0.060394862937638	1.9712225273766182
0.06053408747539136	1.9711481376995985
0.060673632958850525	1.9710735139038549
0.060813500127871796	1.970998655083268
0.060953689724016935	1.970923560327675
0.061094202490557206	1.9708482287228708
0.061235039172477336	1.9707726593505723
0.06137620051647943	1.9706968512884038
0.06151768727098683	1.9706208036098818
0.06165950018614822	1.9705445153843961
0.06180164001384158	1.970467985677174
0.06194410750767815	1.970391213549282
0.06208690342300637	1.9703141980575984
0.062230028516915954	1.9702369382547822
0.06237348354824192	1.9701594331892747
0.06251726927756858	1.9700816819052593
0.06266138646723356	1.9700036834426442
0.0628058358813318	1.9699254368370624
0.06295061828571975	1.96984694111982
0.06309573444801933	1.969768195317903
0.06324118513762193	1.9696891984539353
0.0633869711256927	1.9696099495461767
0.06353309318517436	1.9695304476084883
0.06367955209079158	1.969450691650317
0.06382634861905485	1.9693706806766724
0.06397348354826482	1.9692904136881118
0.06412095765851615	1.969209889680709
0.06426877173170198	1.969129107646038
0.06441692655151772	1.9690480665711585
0.06456542290346556	1.9689667654385805
0.06471426157485831	1.9688852032262483
0.06486344335482384	1.9688033789075288
0.06501296903430906	1.9687212914511725
0.06516283940608428	1.9686389398213007
0.06531305526474723	1.9685563229773895
0.0654636174067275	1.9684734398742287
0.06561452663029053	1.9683902894619238
0.06576578373554205	1.9683068706858542
0.06591738952443213	1.9682231824866565
0.06606934480075961	1.9681392238002053
0.06622165037017619	1.9680549935575888
0.0663743070401909	1.9679704906850823
0.06652731562017412	1.9678857141041295
0.06668067692136222	1.9678006627313176
0.06683439175686146	1.9677153354783565
0.06698846094165266	1.96762973125205
0.06714288529259523	1.9675438489542771
0.06729766562843179	1.96745768748197
0.0674528027697922	1.9673712457270782
0.06760829753919818	1.9672845225765667
0.0677641507610675	1.9671975169123659
0.06792036326171846	1.9671102276113737
0.06807693586937413	1.9670226535454096
0.06823386941416697	1.9669347935812045
0.06839116472814293	1.9668466465803696
0.06854882264526617	1.966758211399367
0.06870684400142321	1.966669486889504
0.06886522963442762	1.966580471896886
0.06902398038402419	1.9664911652624095
0.06918309709189366	1.9664015658217224
0.0693425806016569	1.9663116724052085
0.0695024317588797	1.9662214838379555
0.06966265141107687	1.9661309989397397
0.06982324040771715	1.966040216524994
0.06998419960022735	1.9659491354027785
0.07014552984199714	1.9658577543767615
0.07030723198838335	1.9657660722451877
0.07046930689671471	1.965674087800861
0.0706317554262962	1.9655817998311031
0.0707945784384138	1.9654892071177534
0.07095777679633887	1.9653963084371118
0.07112135136533292	1.965303102559931
0.07128530301265194	1.9652095882513856
0.07144963260755134	1.9651157642710466
0.0716143410212902	1.9650216293728522
0.07177942912713618	1.9649271823050805
0.07194489780036994	1.9648324218103226
0.07211074791828997	1.9647373466254587
0.07227698036021703	1.9646419554816303
0.07244359600749903	1.9645462471042032
0.07261059574351547	1.9644502202127503
0.07277798045368242	1.964353873521025
0.07294575102545688	1.9642572057369214
0.07311390834834172	1.9641602155624591
0.07328245331389041	1.964062901693745
0.0734513868157115	1.9639652628209507
0.07362070974947361	1.9638672976282867
0.07379042301291007	1.9637690047939578
0.07396052750582378	1.9636703829901592
0.07413102413009177	1.9635714308830268
0.07430191378967013	1.9634721471326173
0.07447319739059889	1.9633725303928766
0.07464487584100665	1.9632725793116108
0.07481695005111545	1.9631722925304553
0.07498942093324558	1.9630716686848488
0.07516228940182053	1.9629707064040025
0.07533555637337173	1.9628694043108634
0.07550922276654341	1.9627677610220944
0.07568328950209743	1.9626657751480387
0.07585775750291836	1.9625634452926872
0.07603262769401818	1.9624607700536518
0.07620790100254123	1.9623577480221317
0.07638357835776907	1.962254377782892
0.07655966069112562	1.9621506579142145
0.0767361489361819	1.9620465869878776
0.07691304402866098	1.9619421635691325
0.07709034690644301	1.9618373862166567
0.07726805850957022	1.9617322534825274
0.07744617978025188	1.9616267639122031
0.07762471166286919	1.9615209160444615
0.07780365510398041	1.961414708411397
0.07798301105232586	1.9613081395383782
0.07816278045883297	1.961201207944011
0.0783429642766212	1.9610939121401034
0.07852356346100718	1.9609862506316504
0.07870457896950984	1.9608782219167824
0.07888601176185545	1.960769824486732
0.07906786279998253	1.9606610568258238
0.07925013304804718	1.960551917411412
0.07943282347242814	1.960442404713864
0.07961593504173188	1.9603325171965176
0.07979946872679769	1.9602222533156606
0.07998342550070285	1.9601116115204775
0.0801678063387679	1.9600005902530322
0.08035261221856173	1.9598891879482274
0.08053784411990669	1.9597774030337602
0.08072350302488382	1.959665233930106
0.08090958991783821	1.959552679050472
0.08109610578538408	1.9594397368007581
0.08128305161640995	1.959326405579534
0.08147042840208396	1.9592126837779946
0.08165823713585922	1.9590985697799272
0.08184647881347899	1.9589840619616756
0.08203515443298186	1.9588691586921012
0.08222426499470713	1.9587538583325483
0.08241381150130021	1.9586381592368183
0.08260379495771787	1.9585220597511124
0.08279421637123345	1.9584055582140125
0.08298507675144226	1.9582886529564325
0.08317637711026708	1.9581713423015974
0.08336811846196344	1.9580536245649771
0.08356030182312484	1.9579354980542807
0.08375292821268826	1.9578169610694076
0.08394599865193973	1.95769801190239
0.08413951416451952	1.9575786488373892
0.08433347577642757	1.957458870150631
0.084527884516029	1.9573386741103782
0.08472274141405964	1.9572180589768893
0.0849180475036314	1.9570970230023799
0.08511380382023763	1.956975564430992
0.08531001140175895	1.9568536814987314
0.08550667128846832	1.956731372433461
0.08570378452303697	1.9566086354548269
0.08590135215053957	1.9564854687742503
0.08609937521846008	1.956361870594862
0.08629785477669702	1.9562378391114816
0.08649679187756934	1.9561133725105633
0.08669618757582165	1.9559884689701639
0.0868960429286302	1.955863126659892
0.08709635899560805	1.9557373437408812
0.08729713683881117	1.95561111836574
0.0874983775227436	1.9554844486785072
0.08770008211436349	1.9553573328146172
0.08790225168308842	1.9552297689008575
0.08810488730080142	1.9551017550553205
0.08830799004185627	1.9549732893873681
0.08851156098308356	1.9548443699975906
0.08871560120379608	1.9547149949777511
0.08892011178579486	1.9545851624107562
0.08912509381337455	1.9544548703706104
0.08933054837332954	1.954324116922371
0.08953647655495937	1.9541929001220932
0.08974287945007486	1.9540612180168129
0.0899497581530035	1.9539290686444737
0.09015711376059571	1.9537964500339045
0.09036494737223014	1.9536633602047662
0.09057326008982003	1.9535297971674992
0.09078205301781857	1.9533957589232935
0.09099132726322517	1.953261243464038
0.09120108393559097	1.953126248772268
0.09141132414702503	1.9529907728211309
0.09162204901219996	1.9528548135743329
0.0918332596483581	1.9527183689860892
0.09204495717531712	1.952581437001101
0.09225714271547633	1.9524440155544671
0.09246981739382225	1.9523061025716777
0.09268298233793494	1.952167695968555
0.09289663867799362	1.9520287936511886
0.09311078754678305	1.9518893935159085
0.0933254300796991	1.951749493449233
0.09354056741475521	1.9516090913278163
0.09375620069258803	1.9514681850184026
0.0939723310564638	1.951326772377775
0.09418895965228413	1.9511848512527126
0.09440608762859236	1.9510424194799418
0.0946237161365793	1.9508994748860733
0.09484184633008974	1.9507560152875734
0.09506047936562814	1.9506120384906995
0.09527961640236521	1.9504675422914581
0.09549925860214359	1.9503225244755422
0.09571940712948447	1.9501769828183053
0.09594006315159331	1.9500309150846828
0.09616122783836649	1.9498843190291546
0.09638290236239705	1.9497371923957005
0.09660508789898135	1.9495895329177397
0.09682778562612492	1.949441338318071
0.09705099672454899	1.949292606308846
0.09727472237769651	1.9491433345914888
0.09749896377173872	1.9489935208566618
0.09772372209558107	1.9488431627842078
0.09794899854086991	1.9486922580430943
0.09817479430199844	1.9485408042913623
0.09840111057611335	1.9483887991760729
0.09862794856312104	1.9482362403332587
0.0988553094656939	1.9480831253878583
0.09908319448927676	1.947929451953666
0.09931160484209335	1.9477752176332879
0.0995405417351527	1.9476204200180718
0.09977000638225536	1.94746505668806
0.1	1.9473091252119255
0.10023052380778996	1.947152623146942
0.10046157902783952	1.9469955480388896
0.10069316688518042	1.9468378974220226
0.10092528860766845	1.9466796688190127
0.10115794542598985	1.9465208597408807
0.10139113857366794	1.9463614676869518
0.10162486928706957	1.94620149014479
0.1018591388054117	1.9460409245901424
0.102093948370768	1.9458797684868767
0.10232929922807542	1.9457180192869348
0.10256519262514076	1.9455556744302573
0.10280162981264736	1.9453927313447477
0.10303861204416162	1.9452291874461836
0.10327614057613975	1.9450650401381833
0.10351421666793438	1.9449002868121328
0.10375284158180126	1.9447349248471189
0.10399201658290592	1.9445689516098943
0.10423174293933042	1.944402364454787
0.10447202192208001	1.9442351607236554
0.10471285480508996	1.9440673377458295
0.10495424286523224	1.9438988928380392
0.1051961873823223	1.943729823304354
0.1054386896391259	1.9435601264361273
0.10568175092136585	1.9433897995119265
0.10592537251772889	1.9432188397974766
0.10616955571987247	1.9430472445455886
0.10641430182243161	1.9428750109961037
0.10665961212302578	1.9427021363758261
0.1069054879222658	1.9425286178984544
0.10715193052376065	1.942354452764527
0.10739894123412448	1.9421796381613465
0.1076465213629835	1.9420041712629195
0.10789467222298288	1.9418280492298918
0.1081433951297938	1.9416512692094823
0.10839269140212036	1.9414738283354143
0.10864256236170655	1.9412957237278436
0.10889300933334335	1.9411169524933083
0.10914403364487565	1.9409375117246406
0.10939563662720939	1.9407573985009194
0.1096478196143185	1.9405766098873831
0.10990058394325211	1.940395142935373
0.11015393095414151	1.940212994682264
0.11040786199020733	1.9400301621513911
0.11066237839776664	1.9398466423519796
0.11091748152624012	1.9396624322790814
0.11117317272815914	1.939477528913501
0.11142945335917301	1.9392919292217206
0.11168632477805612	1.9391056301558327
0.11194378834671516	1.9389186286534785
0.11220184543019636	1.9387309216377575
0.11246049739669266	1.9385425060171673
0.11271974561755105	1.9383533786855314
0.11297959146727979	1.938163536521923
0.11324003632355571	1.9379729763905853
0.11350108156723152	1.93778169514088
0.1137627285823431	1.9375896896071894
0.11402497875611688	1.9373969566088516
0.11428783347897718	1.937203492950083
0.11455129414455358	1.9370092954199154
0.1148153621496883	1.9368143607920978
0.1150800388944436	1.9366186858250454
0.11534532578210924	1.9364222672617422
0.1156112242192099	1.9362251018296825
0.11587773561551262	1.9360271862407743
0.11614486138403429	1.935828517191282
0.11641260294104915	1.935629091361734
0.11668096170609626	1.9354289054168448
0.11694993910198712	1.9352279560054562
0.11721953655481307	1.9350262397604254
0.11748975549395298	1.934823753298579
0.11776059735208075	1.9346204932205953
0.11803206356517298	1.9344164561109694
0.11830415557251649	1.9342116385378905
0.11857687481671603	1.9340060370531884
0.11885022274370186	1.9337996481922441
0.1191242008027375	1.9335924684738985
0.11939881044642733	1.9333844944003782
0.11967405313072436	1.9331757224572197
0.1199499303149379	1.9329661491131689
0.12022644346174131	1.9327557708201117
0.12050359403717976	1.9325445840129825
0.12078138351067803	1.9323325851096873
0.12105981335504826	1.9321197705110014
0.12133888504649774	1.931906136600506
0.12161860006463679	1.9316916797444879
0.12189895989248667	1.9314763962918595
0.12217996601648717	1.9312602825740612
0.1224616199265049	1.9310433349049876
0.12274392311584072	1.9308255495809028
0.12302687708123818	1.930606922880323
0.1233104833228909	1.9303874510639685
0.12359474334445107	1.9301671303746417
0.1238796586530369	1.9299459570371564
0.12416523075924113	1.9297239272582363
0.1244514611771385	1.9295010372264332
0.12473835142429432	1.9292772831120306
0.125025903021772	1.9290526610669512
0.1253141174941416	1.9288271672246688
0.1256029963694875	1.9286007977001183
0.12589254117941673	1.928373548589592
0.12618275345906707	1.9281454159706566
0.12647363474711512	1.9279163959020504
0.12676518658578456	1.9276864844235981
0.12705741052085415	1.92745567755611
0.12735030810166617	1.9272239713012882
0.12764388088113438	1.9269913616416268
0.12793813041575247	1.926757844540321
0.12823305826560213	1.926523415941167
0.12852866599436155	1.926288071768463
0.1288249551693134	1.9260518079269204
0.12912192736135342	1.9258146203015474
0.1294195841449986	1.9255765047575684
0.12971792709839558	1.9253374571403088
0.13001695780332903	1.9250974732751134
0.13031667784522993	1.9248565489672242
0.13061708881318415	1.924614680001695
0.1309181922999407	1.9243718621432793
0.13121998990192033	1.9241280911363403
0.13152248321922383	1.9238833627047318
0.1318256738556407	1.9236376725517108
0.1321295634186575	1.923391016359826
0.13243415351946647	1.923143389790805
0.13273944577297395	1.922894788485466
0.1330454417978091	1.9226452080636014
0.1333521432163324	1.9223946441238715
0.13365955165464422	1.9221430922437095
0.1339676687425935	1.9218905479791881
0.1342764961137864	1.9216370068649462
0.13458603540559483	1.9213824644140487
0.13489628825916536	1.9211269161179025
0.13520725631942773	1.9208703574461243
0.1355189412351036	1.9206127838464497
0.1358313446587154	1.9203541907446144
0.136144468246595	1.9200945735442347
0.13645831365889247	1.9198339276267145
0.13677288255958492	1.9195722483511088
0.13708817661648537	1.919309531054035
0.13740419750125152	1.9190457710495408
0.13772094688939465	1.9187809636289976
0.1380384264602885	1.918515104060981
0.1383566378971781	1.9182481875911628
0.13867558288718884	1.9179802094421843
0.13899526312133534	1.9177111648135552
0.13931568029453031	1.917441048881513
0.13963683610559377	1.9171698567989233
0.13995873225726183	1.9168975836951538
0.14028137045619582	1.9166242246759604
0.1406047524129914	1.9163497748233602
0.14092887984218747	1.916074229195506
0.14125375446227545	1.9157975828265832
0.14157937799570816	1.9155198307266694
0.14190575216890922	1.9152409678816236
0.142232878712282	1.9149609892529516
0.14256075936021884	1.9146798897776958
0.1428893958511103	1.9143976643682952
0.14321878992735435	1.9141143079124765
0.1435489433353656	1.9138298152731066
0.14387985782558455	1.9135441812880902
0.14421153515248689	1.9132574007702223
0.14454397707459277	1.912969468507074
0.14487718535447616	1.912680379260852
0.14521116175877424	1.9123901277682804
0.14554590805819662	1.9120987087404568
0.14588142602753484	1.9118061168627318
0.14621771744567183	1.9115123467945818
0.14655478409559117	1.9112173931694583
0.1468926277643867	1.910921250594673
0.1472312502432719	1.910623913651253
0.14757065332758945	1.9103253768938053
0.14791083881682077	1.910025634850399
0.14825180851459538	1.9097246820224032
0.1485935642287007	1.909422512884369
0.14893610777109154	1.9091191218838797
0.14927944095789963	1.9088145034414274
0.14962356560944334	1.9085086519502579
0.14996848355023737	1.9082015617762405
0.15031419660900225	1.9078932272577211
0.1506607066186742	1.9075836427053918
0.15100801541641484	1.9072728024021344
0.15135612484362082	1.9069607006028877
0.1517050367459337	1.906647331534496
0.15205475297324958	1.9063326893955714
0.15240527537972914	1.9060167683563491
0.1527566058238073	1.905699562558533
0.15310874616820302	1.9053810661151558
0.15346169827992945	1.9050612731104268
0.1538154640303035	1.904740177599588
0.15417004529495595	1.9044177736087597
0.1545254439538414	1.9040940551347956
0.15488166189124816	1.9037690161451277
0.15523870099580825	1.9034426505776108
0.15559656316050746	1.9031149523403812
0.15595525028269538	1.9027859153116973
0.15631476426409543	1.9024555333397728
0.15667510701081494	1.9021238002426468
0.15703628043335527	1.9017907098080034
0.15739828644662196	1.9014562557930281
0.15776112696993488	1.9011204319242467
0.15812480392703834	1.9007832318973688
0.15848931924611134	1.9004446493771197
0.15885467485977792	1.9001046779970907
0.159220872705117	1.899763311359572
0.15958791472367329	1.899420543035386
0.15995580286146688	1.8990763665637358
0.16032453906900418	1.898730775452032
0.1606941253012877	1.8983837631757254
0.16106456351782708	1.8980353231781562
0.16143585568264862	1.8976854488703563
0.16180800376430662	1.8973341336309242
0.16218100973589297	1.896981370805819
0.1625548755750484	1.8966271537082104
0.16292960326397224	1.8962714756182995
0.16330519478943348	1.8959143297831496
0.16368165214278085	1.8955557094165179
0.16405897731995395	1.8951956076986738
0.16443717232149316	1.8948340177762297
0.16481623915255086	1.8944709327619678
0.1651961798229015	1.8941063457346494
0.16557699634695283	1.8937402497388625
0.16595869074375605	1.893372637784816
0.166341265037017	1.8930035028481755
0.16672472125510626	1.8926328378698871
0.1671090614310708	1.8922606357559768
0.16749428760264373	1.8918868893773897
0.16788040181225605	1.8915115915697902
0.16826740610704674	1.8911347351333825
0.16865530253887415	1.8907563128327343
0.16904409316432642	1.8903763173965673
0.16943378004473286	1.8899947415175942
0.16982436524617442	1.8896115778523157
0.1702158508394951	1.8892268190208301
0.17060823890031235	1.8888404576066506
0.17100153150902875	1.8884524861565088
0.17139573075084252	1.888062897180151
0.17179083871575881	1.8876716831501683
0.1721868574986007	1.8872788365017714
0.17258378919902034	1.8868843496326215
0.17298163592151014	1.8864882149026179
0.17338039977541378	1.8860904246336925
0.17378008287493754	1.885690971109627
0.17418068733916142	1.8852898465758383
0.17458221529205037	1.8848870432391873
0.1749846688624657	1.8844825532677643
0.1753880501841761	1.884076368790695
0.17579236139586926	1.883668481897919
0.1761976046411629	1.8832588846400038
0.17660378206861643	1.882847569027923
0.17701089583174212	1.8824345270328444
0.17741894808901656	1.8820197505859337
0.1778279410038923	1.8816032315781304
0.17823787674480895	1.8811849618599334
0.17864875748520506	1.880764933241197
0.17906058540352943	1.88034313749091
0.17947336268325265	1.8799195663369808
0.1798870915128788	1.8794942114660127
0.1803017740859569	1.879067064523091
0.1807174126010927	1.8786381171115694
0.18113400926196024	1.878207360792831
0.18155156627731356	1.877774787086075
0.18197008586099836	1.877340387468095
0.18238957023196378	1.8769041533730528
0.1828100216142743	1.8764660761922487
0.18323144223712115	1.8760261472738835
0.18365383433483465	1.875584357922851
0.18407720014689558	1.8751406994004935
0.18450154191794738	1.8746951629243573
0.18492686189780783	1.8742477396679964
0.18535316234148114	1.8737984207606941
0.18578044550916986	1.873347197287251
0.18620871366628675	1.8728940602877533
0.186637969083467	1.8724390007573128
0.18706821403658005	1.8719820096458326
0.18749945080674188	1.8715230778577876
0.18793168168032684	1.8710621962519456
0.18836490894898006	1.8705993556411435
0.18879913490962935	1.8701345467920447
0.18923436186449755	1.8696677604248775
0.18967059212111465	1.8691989872131947
0.19010782799233	1.8687282177836222
0.19054607179632474	1.8682554427156044
0.1909853258566238	1.8677806525411518
0.19142559250210858	1.8673038377445879
0.19186687406702896	1.8668249887622925
0.19230917289101584	1.8663440959824371
0.1927524913190936	1.8658611497447406
0.1931968317016924	1.8653761403401832
0.19364219639466074	1.864889058010774
0.19408858775927784	1.8643998929492598
0.1945360081622663	1.8639086352988776
0.19498445997580455	1.8634152751530824
0.1954339455775395	1.862919802555271
0.195884467350599	1.86242220749852
0.1963360276836047	1.8619224799253127
0.1967886289706845	1.8614206097272636
0.19724227361148539	1.8609165867448372
0.19769696401118608	1.8604104007670839
0.19815270258050985	1.859902041531352
0.19860949173573716	1.859391498723011
0.1990673338987187	1.8588787619751608
0.19952623149688797	1.8583638208683688
0.19998618696327444	1.8578466649303613
0.20044720273651614	1.8573272836357486
0.20090928126087282	1.8568056664057384
0.20137242498623883	1.856281802607835
0.20183663636815613	1.8557556815555574
0.2023019178678272	1.8552272925081383
0.20276827195212824	1.854696624670231
0.20323570109362218	1.854163667191618
0.20370420777057185	1.8536284091668964
0.20417379446695297	1.8530908396351882
0.20464446367246744	1.8525509475798418
0.20511621788255657	1.8520087219281145
0.20558905959841414	1.851464151550874
0.20606299132700007	1.8509172252622856
0.20653801558105292	1.8503679318195039
0.20701413487910425	1.8498162599223633
0.20749135174549097	1.849262198213064
0.2079696687103696	1.8487057352758436
0.20844908830972886	1.8481468596366781
0.20892961308540398	1.8475855597629505
0.20941124558508925	1.847021824063133
0.20989398836235246	1.846455640886453
0.21037784397664752	1.8458869985225888
0.21086281499332898	1.8453158852013205
0.21134890398366465	1.84474228909221
0.2118361135248502	1.8441661983042739
0.21232444620002192	1.84358760088564
0.21281390459827124	1.8430064848232086
0.21330449131465762	1.8424228380423389
0.21379620895022325	1.8418366484064757
0.21428906011200585	1.8412479037168332
0.21478304741305343	1.8406565917120388
0.21527817347243727	1.8400627000677874
0.21577444091526668	1.8394662163965028
0.21627185237270202	1.83886712824697
0.21677041048196952	1.8382654231039974
0.21727011788637443	1.837661088388058
0.2177709772353159	1.8370541114549301
0.21827299118430013	1.8364444795953436
0.2187761623949553	1.8358321800346067
0.21928049353504486	1.835217199932255
0.21978598727848253	1.834599526381686
0.2202926463053456	1.833979146409779
0.22080047330189004	1.8333560469765302
0.22130947096056375	1.8327302149746914
0.22181964198002194	1.8321016372293757
0.2223309890651403	1.8314703004976947
0.22284351492703042	1.8308361914683706
0.22335722228305316	1.8301992967613658
0.223872113856834	1.829559602927479
0.22438819237827662	1.8289170964479784
0.22490546058357816	1.828271763734198
0.22542392121524293	1.8276235911271574
0.2259435770220978	1.8269725648971602
0.22646443075930595	1.8263186712433979
0.22698648518838224	1.825661896293556
0.22750974307720706	1.8250022261034053
0.22803420720004186	1.8243396466564052
0.228559880337543	1.823674143863291
0.22908676527677735	1.8230057035616698
0.2296148648112362	1.8223343115156103
0.23014418174085088	1.8216599534152151
0.2306747188720069	1.8209826148762254
0.23120647901755953	1.8203022814395826
0.23173946499684786	1.8196189385710138
0.23227367963571074	1.8189325716606142
0.23280912576650079	1.818243166022401
0.23334580622810033	1.8175507068939063
0.23388372386593548	1.8168551794357244
0.23442288153199228	1.8161565687310885
0.23496328208483072	1.8154548597854299
0.23550492838960102	1.8147500375259342
0.2360478233180577	1.8140420868010896
0.23659196974857588	1.8133309923802698
0.23713737056616552	1.8126167389532446
0.23768402866248767	1.8118993111297543
0.23823194693586902	1.8111786934390477
0.23878112829131776	1.8104548703294254
0.23933157564053875	1.8097278261677716
0.23988329190194904	1.8089975452390985
0.24043628000069334	1.8082640117460747
0.24099054286865948	1.8075272098085562
0.24154608344449405	1.8067871234631139
0.2421029046736178	1.8060437366625548
0.24266100950824154	1.8052970332754512
0.24322040090738153	1.8045469970856525
0.24378108183687525	1.8037936117917952
0.2443430552693972	1.803036861006823
0.24490632418447456	1.8022767282574896
0.24547089156850305	1.801513196983872
0.24603676041476275	1.8007462505388612
0.24660393372343392	1.7999758721876777
0.24717241450161304	1.7992020451073427
0.24774220576332856	1.7984247523861936
0.24831331052955705	1.797643977023361
0.2488857318282391	1.7968597019282655
0.24945947269429547	1.796071909920079
0.25003453616964316	1.795280583727235
0.2506109253032114	1.7944857059868717
0.251188643150958	1.7936872592443323
0.25176769277588557	1.7928852259526153
0.25234807724805747	1.7920795884718483
0.2529297996446145	1.7912703290687488
0.25351286304979076	1.7904574299160838
0.25409727055493053	1.789640873092119
0.2546830252585041	1.7888206405800848
0.2552701302661247	1.787996714267606
0.2558585886905646	1.7871690759461567
0.25644840365177174	1.7863377073105022
0.2570395782768864	1.7855025899581303
0.25763211570025757	1.7846637053886907
0.25822601906345966	1.7838210350034194
0.2588212915153092	1.7829745601045663
0.2594179362118814	1.7821242618948174
0.2600159563165272	1.7812701214767201
0.2606153549998896	1.780412119852082
0.26121613543992067	1.7795502379214008
0.26181830082189855	1.7786844564832553
0.26242185433844417	1.777814756233712
0.2630267991895382	1.7769411177657373
0.263633138582538	1.7760635215685718
0.2642408757321947	1.775181948027137
0.2648500138606701	1.774296377421416
0.265460556197554	1.7734067899258337
0.26607250597988097	1.7725131656086446
0.266685866452148	1.7716154844313
0.26730064086633115	1.7707137262478214
0.26791683248190323	1.7698078708041651
0.26853444456585074	1.7688978977375913
0.2691534803926916	1.7679837865760044
0.26977394324449205	1.7670655167373368
0.2703958364108844	1.7661430675288656
0.2710191631890843	1.765216418146578
0.2716439268839083	1.7642855476745076
0.2722701308077913	1.76335043508407
0.27289777828080414	1.7624110592333935
0.27352687263067127	1.7614673988666452
0.2741574171927883	1.7605194326133629
0.2747894153102397	1.7595671389877603
0.2754228703338167	1.7586104963880491
0.27605778562203465	1.7576494830957494
0.27669416454115114	1.756684077274989
0.2773320104651841	1.7557142569718054
0.27797132677592884	1.7547400001134443
0.2786121168629771	1.7537612845076422
0.27925438412373377	1.7527780878419181
0.2798981319634363	1.7517903876828573
0.2805433637951713	1.7507981614753805
0.28119008303989407	1.7498013865420194
0.28183829312644537	1.7488000400821775
0.2824879974915708	1.7477940991714014
0.2831391995799379	1.7467835407606205
0.2837919028441557	1.7457683416754177
0.28444611074479154	1.7447484786152683
0.285101826750391	1.743723928152769
0.28575905433749466	1.742694666732889
0.2864177969906581	1.7416606706721989
0.28707805820246907	1.7406219161580845
0.28773984147356696	1.7395783792479824
0.28840315031266056	1.738530035868586
0.2890679882365476	1.7374768618150542
0.28973435877013226	1.736418832750219
0.2904022654464451	1.7353559242037826
0.2910717118066605	1.7342881115715136
0.29174270140011677	1.733215370114429
0.29241523778433354	1.732137674957981
0.2930893245250321	1.7310550010912336
0.2937649651961531	1.7299673233660293
0.29444216337987617	1.7288746164961597
0.29512092266663853	1.7277768550565145
0.29580124665515467	1.7266740134822556
0.2964831389524342	1.7255660660679437
0.29716660317380267	1.7244529869666916
0.29785164294291894	1.7233347501892935
0.298538261891796	1.7222113296033648
0.2992264636608189	1.7210826989324617
0.29991625189876514	1.7199488317551923
0.30060763026282306	1.7188097015043402
0.3013006024186122	1.717665281465959
0.3019951720402016	1.7165155447784883
0.3026913428101306	1.7153604644318268
0.30338911841942706	1.714200013266436
0.304088502567628	1.7130341639724103
0.3047894989627983	1.711862889088559
0.3054921113215514	1.7106861610014712
0.3061963433690677	1.7095039519445792
0.3069021988391158	1.7083162339972076
0.3076096814740708	1.7071229790836313
0.3083187950249355	1.70592415897211
0.30902954325135906	1.7047197452739276
0.3097419299216581	1.703509709442416
0.31045595881283555	1.7022940227719856
0.31117163371060186	1.7010726563971306
0.3118889584093937	1.69984558129144
0.31260793671239556	1.698612768266607
0.31332857243155854	1.6973741879714073
0.31405086938762183	1.6961298108907006
0.3147748314101316	1.6948796073444088
0.31550046233746276	1.6936235474864765
0.316227766016838	1.6923616013038492
0.3169567463043491	1.6910937386154308
0.3176874070649771	1.6898199290710292
0.31841975217261254	1.6885401421503052
0.31915378551007617	1.687254347161705
0.3198895109691398	1.6859625132413882
0.3206269324505466	1.6846646093521624
0.3213660538640317	1.6833606042823683
0.32210687912834346	1.6820504666448237
0.32284941217126356	1.680734164875688
0.32359365692962827	1.6794116672333725
0.32433961734934924	1.6780829417974177
0.3250872973854344	1.6767479564673653
0.3258367010020088	1.6754066789616329
0.32658783217233583	1.6740590768163637
0.3273406948788382	1.6727051173842882
0.328095293113119	1.6713447678335516
0.32885163087598307	1.6699779951465645
0.32960971217745777	1.6686047661188177
0.3303695410368148	1.6672250473577126
0.3311311214825911	1.6658388052813573
0.3318944575526104	1.6644460061173754
0.33265955329400454	1.6630466159016908
0.333426412763235	1.6616406004773296
0.3341950400261143	1.6602279254931729
0.33496543915782767	1.6588085564027466
0.3357376142429547	1.6573824584629562
0.33651156937549076	1.6559495967328541
0.3372873086588689	1.654509936072377
0.3380648362059816	1.653063441141058
0.33884415613920255	1.6516100763967814
0.3396252725904084	1.650149806094469
0.3404081897010009	1.6486825942848002
0.34119291162192855	1.6472084048128954
0.3419794425137089	1.645727201317011
0.3427677865464504	1.6442389472272083
0.34355794789987465	1.6427436057640221
0.34434993076333853	1.6412411399371232
0.3451437393358563	1.6397315125439622
0.345939377826122	1.6382146861683946
0.34673685045253166	1.636690623179337
0.34753616144320587	1.6351592857293562
0.34833731503601184	1.6336206357533023
0.34914031547858615	1.6320746349668847
0.3499451670283573	1.6305212448652795
0.350751873952568	1.6289604267216933
0.35156044052829816	1.6273921415859414
0.35237087104248715	1.6258163502830028
0.353183169791957	1.6242330134115617
0.3539973410834347	1.622642091342557
0.35481338923357547	1.621043544217691
0.3556313185689854	1.6194373319479667
0.3564511334262443	1.6178234142121766
0.35727283815192895	1.6162017504554027
0.35809643710263606	1.614572299887507
0.35892193464500527	1.612935021481587
0.35974933515574237	1.6112898739724584
0.36057864302164244	1.6096368158550882
0.36140986263961333	1.6079758053830517
0.36224299841669866	1.6063068005669463
0.3630780547701014	1.6046297591728156
0.36391503612720716	1.6029446387205555
0.36475394692560786	1.6012513964823005
0.36559479161312497	1.5995499894808232
0.36643757464783333	1.59784037448789
0.3672823004980847	1.5961225080226298
0.3681289736425315	1.5943963463498714
0.3689775985701504	1.5926618454784953
0.3698281797802663	1.5909189611597379
0.37068072178257605	1.5891676488855262
0.37153522909717257	1.5874078638867528
0.3723917062545686	1.5856395611315863
0.3732501577957206	1.5838626953237323
0.37411058827205335	1.5820772209006935
0.3749730022454835	1.5802830920320359
0.3758374042884442	1.578480262617608
0.3767037989839089	1.576668686285786
0.37757219092541605	1.5748483163916607
0.3784425847170933	1.5730191060152603
0.37931498497368193	1.5711810079597268
0.3801893963205612	1.5693339747494808
0.38106582339377304	1.567477958628402
0.38194427084004656	1.5656129115579585
0.3828247433168227	1.5637387852153493
0.3837072454922788	1.5618555309916273
0.3845917820453536	1.5599630999897893
0.3854783576657718	1.5580614430228896
0.3863669770540692	1.5561505106121143
0.38725764492161724	1.554230252984838
0.3881503659906483	1.5523006200726832
0.3890451449942806	1.5503615615095574
0.38994198667654345	1.5484130266296752
0.39084089579240205	1.5464549644655736
0.39174187710778313	1.5444873237461065
0.3926449353995999	1.5425100528944111
0.39355007545577747	1.5405231000258939
0.39445730207527846	1.538526412946176
0.39536662006812795	1.5365199391490323
0.3962780342554395	1.5345036258143068
0.39719154946944035	1.5324774198058286
0.39810717055349726	1.5304412676693073
0.3990249023621421	1.5283951156301987
0.3999447497610975	1.526338909591583
0.40086671762730286	1.524272595132004
0.40179081084893997	1.5221961175032983
0.40271703432545913	1.520109421628421
0.403645392967605	1.5180124520992488
0.4045758916974427	1.5159051531743524
0.4055085354483839	1.513787468776785
0.4064433291652128	1.5116593424918163
0.4073802778041128	1.5095207175646885
0.40831938633269216	1.5073715368983336
0.4092606597300109	1.5052117430510807
0.41020410298660687	1.5030412782343425
0.4111497211045223	1.5008600843102935
0.4120975190973303	1.4986681027895234
0.4130475019901614	1.4964652748286902
0.4139996748197305	1.4942515412281274
0.414954042634363	1.492026842429465
0.4159106104940221	1.4897911185132207
0.4168693834703355	1.4875443091963638
0.4178303666466218	1.4852863538298893
0.4187935651179184	1.4830171913963464
0.4197589839910076	1.4807367605073603
0.4207266283844441	1.4784449994011541
0.4216965034285822	1.476141845940015
0.422668614265603	1.4738272376077832
0.4236429660495411	1.4715011115073078
0.4246195639463129	1.4691634043578647
0.4255984131337431	1.4668140524925934
0.42657951880159267	1.4644529918558928
0.4275628861515862	1.462080158000801
0.4285485203974395	1.4596954860863642
0.4295364267648873	1.4572989108749785
0.43052661049171065	1.4548903667297297
0.43151907682776525	1.4524697876116937
0.43251383103500873	1.450037107077235
0.4335108783875289	1.4475922582752798
0.43451022417157154	1.4451351739445657
0.4355118736855686	1.4426657864108896
0.436515832240166	1.4401840275843196
0.4375221051582521	1.4376898289563962
0.4385306977749857	1.435183121597308
0.4395416154378245	1.4326638361530726
0.4405548635065533	1.4301319028426558
0.4415704473533125	1.4275872514551073
0.44258837236262655	1.4250298113466715
0.44360864393143257	1.4224595114378613
0.4446312674691087	1.4198762802105345
0.4456562483975033	1.4172800457049444
0.44668359215096315	1.4146707355167492
0.44771330417636257	1.4120482767940457
0.4487453899331322	1.4094125962343342
0.449779854893288	1.4067636200815175
0.45081670454146017	1.4041012741228187
0.4518559443749224	1.4014254836857414
0.4528975799036208	1.3987361736349524
0.4539416166502032	1.3960332683692003
0.4549880601500486	1.3933166918181654
0.4560369159512962	1.3905863674393308
0.4570881896148751	1.3878422182147891
0.4581418867145335	1.3850841666480747
0.4591980128368686	1.3823121347609595
0.4602565735813561	1.3795260440902024
0.4613175745603794	1.376725815684313
0.46238102139926035	1.3739113701002936
0.46344691973628804	1.371082627400336
0.46451527522274944	1.3682395071485174
0.465586093522959	1.3653819284074755
0.46665938031428866	1.362509809735058
0.46773514128719823	1.3596230691809543
0.46881338214526524	1.35672162428331
0.46989410860521547	1.3538053920653041
0.47097732639695294	1.3508742890317493
0.47206304126359055	1.347928231165605
0.4731512589614805	1.3449671339245413
0.4742419852602447	1.341990912237432
0.47533522594280536	1.3389994805008525
0.47643098680541573	1.3359927525755515
0.47752927365769093	1.332970641782888
0.4786300923226384	1.3299330609012894
0.47973344863668915	1.3268799221626362
0.4808393484497286	1.3238111372486694
0.4819477976251274	1.3207266172873569
0.4830588020397727	1.3176262728492447
0.48417236758409943	1.3145100139438015
0.4852885001621211	1.3113777500157027
0.4864072056914617	1.3082293899411572
0.4875284901033864	1.3050648420241648
0.48865235934283363	1.3018840139927714
0.48977881936844625	1.2986868129953064
0.4909078761526032	1.2954731455966058
0.492039535681451	1.2922429177742003
0.49317380395493593	1.288996034914505
0.4943106869868355	1.285732401808973
0.4954501908047903	1.282451922650236
0.49659232145033616	1.279154501028241
0.49773708497893604	1.2758400399263432
0.4988844874600123	1.2725084417174017
0.5000345349769786	1.2691596081598449
0.5011872336272724	1.2657934403937314
0.5023425895223872	1.262409838936779
0.5035006087879049	1.2590087036803856
0.5046612975635284	1.2555899338856324
0.5058246620031142	1.2521534281792723
0.5069907082747045	1.248699084549692
0.5081594425605607	1.24522680034287
0.5093308710571955	1.2417364722583213
0.5105049999754063	1.2382279963450005
0.5116818355403079	1.2347012679972322
0.5128613839913649	1.2311561819505883
0.5140436515824262	1.2275926322777722
0.5152286445817565	1.2240105123844778
0.516416369272071	1.220409715005255
0.5176068319505677	1.2167901321993264
0.5188000389289611	1.2131516553464308
0.519995996533516	1.2094941751426194
0.5211947111050804	1.2058175815960732
0.5223961889991198	1.2021217640228798
0.5236004365857503	1.1984066110428173
0.5248074602497727	1.1946720105751214
0.5260172663907062	1.1909178498342416
0.5272298614228228	1.1871440153255948
0.5284452517751804	1.1833503928413027
0.5296634438916579	1.1795368674559166
0.5308844442309884	1.1757033235221648
0.5321082592667943	1.1718496446666327
0.533334895487621	1.1679757137855211
0.5345643593969717	1.1640814130403125
0.5357966575133416	1.1601666238534867
0.5370317963702528	1.156231226904228
0.5382697825162883	1.1522751021241135
0.5395106225151277	1.1482981286927867
0.5407543229455809	1.1443001850336822
0.5420008904016239	1.1402811488096798
0.5432503314924333	1.1362408969188251
0.5445026528424213	1.1321793054900013
0.545757861091271	1.1280962498786253
0.5470159628939717	1.123991604662351
0.5482769649208538	1.1198652436367582
0.5495408738576246	1.115717039811074
0.5508076964054035	1.111546865403871
0.5520774392807574	1.1073545918387893
0.5533501092157368	1.103140089740266
0.5546257129579109	1.0989032289292777
0.5559042572704036	1.0946438784190828
0.5571857489319298	1.0903619064109853
0.5584701947368308	1.0860571802901093
0.5597576014951101	1.081729566621193
0.5610479760324705	1.0773789311443875
0.5623413251903491	1.0730051387710957
0.5636376558259545	1.068608053579804
0.5649369748123025	1.0641875388119526
0.5662392890382534	1.0597434568678228
0.5675446054085471	1.055275669302465
0.5688529308438415	1.0507840368216173
0.5701642722807475	1.0462684192776863
0.571478636671867	1.04172867566574
0.5727960309858292	1.0371646641195538
0.5741164622073276	1.0325762419076425
0.5754399373371569	1.027963265429403
0.5767664633922508	1.0233255902112164
0.5780960474057182	1.018663070902642
0.5794286964268811	1.0139755612726418
0.5807644175213121	1.0092629142058502
0.5821032177708715	1.004524981698869
0.5834451042737449	0.9997616148566563
0.5847900841444807	0.9949726638889257
0.5861381645140288	0.9901579781066234
0.5874893525297767	0.985317405918462
0.588843655355589	0.9804507948274964
0.5902010801718444	0.9755579914277998
0.591561634175474	0.9706388414011684
0.5929253245799999	0.965693189513904
0.5942921586155727	0.9607208796136999
0.5956621435290105	0.9557217546265626
0.5970352865838369	0.9506956565538378
0.5984115950603197	0.9456424264692943
0.5997910762555094	0.9405619045163476
0.6011737374832781	0.9354539299052976
0.6025595860743578	0.9303183409107322
0.6039486293763798	0.9251549748689774
0.6053408747539136	0.9199636681756824
0.6067363295885054	0.9147442562834892
0.6081350012787179	0.909496573699831
0.6095368972401692	0.9042204539848285
0.610942024905572	0.8989157297493128
0.6123503917247736	0.8935822326529904
0.6137620051647943	0.8882197934026931
0.6151768727098682	0.8828282417508154
0.6165950018614822	0.8774074064938544
0.618016400138416	0.8719571154711021
0.6194410750767815	0.8664771955635043
0.6208690342300636	0.8609674726926414
0.6223002851691596	0.8554277718199109
0.6237348354824193	0.849857916945863
0.6251726927756859	0.8442577311096773
0.6266138646723355	0.8386270363888733
0.628058358813318	0.8329656538991752
0.6295061828571976	0.8272734037945755
0.6309573444801934	0.8215501052676034
0.6324118513762195	0.8157955765497839
0.633869711256927	0.8100096349123492
0.6353309318517437	0.8041920966671481
0.6367955209079159	0.7983427771677484
0.6382634861905487	0.7924614908108655
0.6397348354826482	0.78654805103796
0.6412095765851616	0.7806022703371279
0.6426877173170197	0.7746239602452443
0.6441692655151774	0.7686129313503778
0.6456542290346556	0.7625689932944878
0.6471426157485832	0.7564919547764417
0.6486344335482385	0.7503816235552703
0.6501296903430908	0.7442378064538051
0.6516283940608427	0.7380603093625933
0.6531305526474724	0.7318489372441627
0.654636174067275	0.7256034941376323
0.6561452663029055	0.7193237831636591
0.6576578373554206	0.713009606529792
0.6591738952443215	0.706660765536163
0.6606934480075961	0.700277060581598
0.662216503701762	0.6938582911701168
0.6637430704019089	0.6874042559178701
0.6652731562017414	0.6809147525604845
0.6668067692136223	0.6743895779608776
0.6683439175686147	0.667828528117509
0.6698846094165264	0.6612313981731368
0.6714288529259523	0.6545979824240322
0.6729766562843178	0.6479280743297207
0.674528027697922	0.6412214665232505
0.6760829753919818	0.6344779508219855
0.6776415076106751	0.6276973182389528
0.6792036326171845	0.6208793589947873
0.6807693586937414	0.6140238625302438
0.6823386941416696	0.6071306175193325
0.6839116472814294	0.600199411883101
0.6854882264526616	0.5932300328040164
0.6870684400142322	0.5862222667410888
0.6886522963442762	0.5791758994456178
0.690239803840242	0.5720907159777173
0.6918309709189365	0.5649665007235203
0.6934258060165691	0.5578030374131822
0.6950243175887968	0.5506001091396361
0.6966265141107688	0.5433574983782025
0.6982324040771715	0.5360749870069709
0.6998419960022736	0.5287523563280973
0.7014552984199713	0.521389387089936
0.7030723198838335	0.5139858595101185
0.704693068967147	0.5065415532995735
0.706317554262962	0.4990562476875029
0.7079457843841379	0.49152972144733764
0.7095777679633888	0.48396175292377147
0.7112135136533291	0.47635212006083466
0.7128530301265196	0.46870060043105055
0.7144963260755134	0.4610069712657297
0.7161434102129021	0.45327100948643406
0.7177942912713617	0.44549249173763344
0.7194489780036996	0.4376711944205906
0.7211074791828996	0.42980689372853315
0.7227698036021704	0.4218993656831348
0.7244359600749901	0.41394838617233215
0.7261059574351548	0.4059537309895563
0.7277798045368241	0.3979151758743839
0.7294575102545688	0.38983249655466506
0.7311390834834175	0.3817054687902025
0.7328245331389042	0.3735338684179699
0.7345138681571151	0.3653174713989423
0.7362070974947362	0.3570560538666439
0.737904230129101	0.34874939217734513
0.7396052750582379	0.3403972629620668
0.7413102413009176	0.33199944318042734
0.7430191378967015	0.323555710176305
0.7447319739059891	0.3150658417354685
0.7464487584100666	0.3065296161452406
0.7481695005111544	0.2979468122561185
0.7498942093324559	0.2893172095455949
0.7516228940182056	0.28064058818411086
0.7533555637337175	0.27191672910326314
0.755092227665434	0.26314541406630443
0.7568328950209745	0.25432642574105596
0.7585775750291839	0.2454595477752557
0.760326276940182	0.2365445648743834
0.7620790100254121	0.22758126288217637
0.7638357835776908	0.21856942886372532
0.7655966069112564	0.20950885119140417
0.767361489361819	0.200399319633585
0.7691304402866097	0.19124062544629955
0.7709034690644302	0.18203256146789912
0.7726805850957024	0.17277492221683907
0.7744617978025188	0.16346750399262105
0.7762471166286917	0.15411010498003733
0.7780365510398041	0.14470252535681527
0.7798301105232588	0.135244567404701
0.7816278045883297	0.1257360356241963
0.7834296427662119	0.11617673685293188
0.7852356346100718	0.1065664803878867
0.7870457896950986	0.09690507811146816
0.7888601176185545	0.08719234462170436
0.7906786279998251	0.07742809736652514
0.7925013304804718	0.067612156782324
0.7943282347242815	0.05774434643696118
0.7961593504173188	0.047824493177246484
0.7979946872679766	0.037852427281113585
0.7998342550070284	0.027827982614618964
0.8016780633876791	0.017750996793788575
0.8035261221856173	0.0076213113516826044
0.8053784411990667	-0.0025612280894046703
0.8072350302488382	-0.012796771640316099
0.8090958991783823	-0.023085464961826608
0.8109610578538409	-0.033427449075818905
0.8128305161640993	-0.04382286017046093
0.8147042840208396	-0.054271829399426076
0.8165823713585925	-0.06477448267484717
0.81846478813479	-0.07533094045388096
0.8203515443298183	-0.08594131751865171
0.8222426499470712	-0.09660572274945932
0.8241381150130024	-0.10732425889092362
0.8260379495771788	-0.11809702231102995
0.8279421637123342	-0.12892410275274324
0.8298507675144225	-0.13980558307799293
0.8317637711026711	-0.15074153900387133
0.8336811846196344	-0.1617320388307447
0.835603018231248	-0.17277714316211043
0.8375292821268826	-0.18387690461591516
0.8394599865193975	-0.1950313675270722
0.8413951416451951	-0.2062405676410395
0.8433347577642755	-0.2175045317980417
0.84527884516029	-0.22882327760778703
0.8472274141405965	-0.2401968131143646
0.8491804750363139	-0.25162513645104145
0.8511380382023765	-0.26310823548467716
0.8531001140175896	-0.2746460874494787
0.8550667128846834	-0.2862386585697678
0.8570378452303697	-0.2978859036714495
0.8590135215053958	-0.3095877657819007
0.8609937521846007	-0.3213441757178844
0.8629785477669704	-0.3331550516612875
0.8649679187756933	-0.34502029872213436
0.8669618757582167	-0.35693980848872825
0.8689604292863019	-0.3689134585644359
0.8709635899560808	-0.3809411120908087
0.8729713683881117	-0.3930226172565968
0.8749837752274362	-0.4051578067923701
0.8770008211436349	-0.4173464974502157
0.8790225168308845	-0.42958848946824707
0.8810488730080143	-0.44188356601941237
0.8830799004185629	-0.4542314926441873
0.8851156098308356	-0.46663201666677956
0.887156012037961	-0.47908486659432215
0.8892011178579485	-0.4915897514986474
0.8912509381337457	-0.5041463603801664
0.8933054837332954	-0.5167543615133574
0.895364765549594	-0.5294134017734498
0.8974287945007485	-0.5421231059436625
0.8994975815300352	-0.554883076002686
0.901571137605957	-0.5676928903917058
0.9036494737223015	-0.5805521032605752
0.9057326008982002	-0.5934602436925224
0.9078205301781858	-0.6064168149068694
0.9099132726322516	-0.6194212934392266
0.9120108393559098	-0.6324731282985643
0.9141132414702503	-0.6455717401005587
0.9162204901219998	-0.6587165201767291
0.9183325964835809	-0.6719068296586495
0.9204495717531713	-0.6851419985366847
0.9225714271547633	-0.6984213246926398
0.9246981739382226	-0.7117440729056792
0.9268298233793493	-0.7251094738308976
0.9289663867799364	-0.7385167229498644
0.9311078754678304	-0.7519649794925876
0.9332543007969911	-0.7654533653300534
0.9354056741475519	-0.7789809638369444
0.9375620069258803	-0.7925468187235944
0.9397233105646379	-0.806149932836683
0.9418895965228414	-0.8197892669279403
0.9440608762859235	-0.8334637383901553
0.9462371613657931	-0.8471722199598007
0.9484184633008972	-0.860913538385633
0.9506047936562816	-0.874686473062518
0.952796164023652	-0.8884897546298364
0.954992586021436	-0.9023220635337076
0.9571940712948446	-0.916182028552464
0.9594006315159332	-0.9300682252845555
0.9616122783836647	-0.9439791745983317
0.9638290236239706	-0.9579133410429193
0.9660508789898135	-0.9718691312196023
0.9682778562612492	-0.9858448921130631
0.9705099672454898	-0.99983890938176
0.9727472237769652	-1.0138494056069611
0.9749896377173871	-1.0278745384996633
0.9772372209558108	-1.041912399064948
0.979489985408699	-1.0559610097231968
0.9817479430199845	-1.0700183223874737
0.9840111057611338	-1.0840822164968962
0.9862794856312106	-1.0981504970051261
0.988553094656939	-1.1122208923239016
0.9908319448927677	-1.1262910522209888
0.9931160484209339	-1.1403585456723024
0.9954054173515271	-1.1544208586679165
0.9977000638225535	-1.168475391971624
1.0000000000000002	-1.1825194588340076
1.0023052380778998	-1.1965502826587755
1.0046157902783952	-1.2105649946223733
1.0069316688518044	-1.224560631246942
1.0092528860766845	-1.2385341319266343
1.0115794542598986	-1.2524823364076536
1.0139113857366795	-1.2664019822220816
1.0162486928706957	-1.2802897020762138
1.018591388054117	-1.2941420211936232
1.0209394837076802	-1.3079553546138205
1.0232929922807543	-1.3217260044471444
1.0256519262514077	-1.3354501570869208
1.0280162981264738	-1.349123880379849
1.0303861204416163	-1.3627431207558667
1.0327614057613976	-1.3763037003190157
1.035142166679344	-1.389801313900691
1.0375284158180127	-1.4032315260772665
1.0399201658290593	-1.416589768153873
1.0423174293933042	-1.4298713351167347
1.0447202192208	-1.4430713825564616
1.0471285480508996	-1.4561849235648363
1.0495424286523223	-1.4692068256083437
1.051961873823223	-1.482131807381417
1.0543868963912588	-1.494954435643165
1.0568175092136585	-1.5076691220412877
1.0592537251772889	-1.5202701199274575
1.0616955571987248	-1.5327515211686353
1.0641430182243161	-1.5451072529593624
1.066596121230258	-1.5573310746401854
1.069054879222658	-1.5694165745279973
1.0715193052376064	-1.5813571667645054
1.0739894123412448	-1.5931460881892512
1.076465213629835	-1.6047763952443999
1.0789467222298288	-1.6162409609188517
1.081433951297938	-1.6275324717396533
1.0839269140212036	-1.6386434248194433
1.0864256236170655	-1.6495661249690419
1.0889300933334336	-1.6602926818850603
1.0914403364487566	-1.6708150074227912
1.093956366272094	-1.6811248129654925
1.096478196143185	-1.691213606901789
1.099005839432521	-1.701072692223361
1.101539309541415	-1.710693164256303
1.1040786199020733	-1.7200659085396732
1.1066237839776665	-1.7291815988659056
1.1091748152624012	-1.73803069549853
1.1117317272815914	-1.746603443583006
1.11429453359173	-1.754889871768017
1.1168632477805611	-1.762879791054661
1.1194378834671517	-1.7705627938922528
1.1220184543019636	-1.7779282535403442
1.1246049739669266	-1.784965323717073
1.1271974561755105	-1.7916629385552754
1.1297959146727978	-1.7980098128883903
1.132400363235557	-1.8039944428891261
1.135010815672315	-1.8096051070849153
1.1376272858234309	-1.8148298677748058
1.1402497875611688	-1.8196565728735852
1.1428783347897717	-1.8240728582095598
1.1455129414455358	-1.8280661503034306
1.1481536214968828	-1.8316236696564425
1.1508003889444358	-1.8347324345767584
1.1534532578210923	-1.8373792655738415
1.1561122421920988	-1.8395507903511574
1.1587773561551262	-1.8412334494284346
1.1614486138403428	-1.842413502425013
1.1641260294104914	-1.8430770350363697
1.1668096170609625	-1.8432099667367159
1.1694993910198712	-1.8427980592400919
1.1721953655481305	-1.8418269257536448
1.1748975549395297	-1.840282041055844
1.1776059735208075	-1.8381487524332234
1.1803206356517297	-1.8354122915085278
1.1830415557251648	-1.8320577869930454
1.1857687481671602	-1.828070278395432
1.1885022274370185	-1.8234347307185417
1.191242008027375	-1.8181360501750545
1.1939881044642733	-1.8121591009515017
1.1967405313072437	-1.8054887230489673
1.199499303149379	-1.7981097512273163
1.202264434617413	-1.7900070350778734
1.2050359403717976	-1.7811654602473628
1.2078138351067804	-1.7715699708336625
1.2105981335504825	-1.7612055929712065
1.2133888504649772	-1.7500574596207361
1.216186000646368	-1.7381108365750344
1.2189895989248667	-1.7253511496884166
1.221799660164872	-1.7117640133336944
1.2246161992650488	-1.6973352600863627
1.2274392311584075	-1.682050971630326
1.2302687708123816	-1.6658975108751295
1.2331048332289092	-1.648861555268598
1.2359474334445106	-1.6309301312832556
1.2387965865303692	-1.6120906500486485
1.241652307592411	-1.5923309440948414
1.2445146117713852	-1.5716393051659536
1.247383514242943	-1.5500045230546917
1.2502590302177203	-1.5274159254017563
1.253141174941416	-1.5038634183959638
1.256029963694875	-1.4793375283024606
1.2589254117941673	-1.4538294437385768
1.2618275345906707	-1.427331058607727
1.2647363474711515	-1.3998350155933725
1.2676518658578457	-1.371334750105942
1.2705741052085417	-1.3418245345668915
1.2735030810166619	-1.3112995229049227
1.2764388088113439	-1.2797557951307288
1.2793813041575248	-1.2471904018476927
1.2823305826560216	-1.2136014085477058
1.2852866599436157	-1.1789879395325669
1.288249551693134	-1.1433502212941615
1.2912192736135344	-1.1066896251785203
1.2941958414499861	-1.0690087091525666
1.297179270983956	-1.0303112584856489
1.3001695780332905	-0.9906023251525925
1.3031667784522996	-0.9498882657605238
1.3061708881318417	-0.908176777797387
1.3091819229994073	-0.8654769339978562
1.3121998990192034	-0.8217992146202541
1.3152248321922384	-0.7771555374277466
1.3182567385564072	-0.731559285167985
1.3212956341865754	-0.6850253303468737
1.3243415351946648	-0.6375700570966409
1.3273944577297396	-0.5892113799423055
1.3304544179780913	-0.5399687592778416
1.3335214321633242	-0.4898632133712104
1.3365955165464425	-0.4389173267266569
1.3396766874259352	-0.3871552546445898
1.342764961137864	-0.33460272383143363
1.3458603540559484	-0.281287028926526
1.3489628825916538	-0.227237024829069
1.3520725631942774	-0.17248311472503292
1.3551894123510362	-0.11705723373314118
1.3583134465871542	-0.060992828108506945
1.3614446824659503	-0.004324829964227466
1.3645831365889247	0.05291037250707355
1.3677288255958493	0.11067496930623173
1.3708817661648538	0.16892976736576923
1.3740419750125152	0.2276342336995646
1.3772094688939467	0.2867465428853796
1.380384264602885	0.34622362877638446
1.3835663789717811	0.4060212403128554
1.3867558288718886	0.46609400128045214
1.3899526312133534	0.5263954738367796
1.3931568029453032	0.5868782256047451
1.3963683610559376	0.6474939001072951
1.3995873225726183	0.7081932902977823
1.4028137045619584	0.768926414918356
1.406047524129914	0.8296425974005494
1.409288798421875	0.8902905470049243
1.4125375446227544	0.9508184418807546
1.4157937799570817	1.011174013713995
1.4190575216890924	1.0713046336198107
1.4223287871228198	1.1311573989276913
1.4256075936021884	1.190679220499993
1.428893958511103	1.2498169102210734
1.4321878992735435	1.3085172682923536
1.435489433353656	1.3667271699692536
1.4387985782558455	1.4243936513800373
1.4421153515248688	1.481463994071462
1.4454397707459277	1.5378858079354158
1.4487718535447618	1.593607112180414
1.4521116175877424	1.648576414025514
1.455459080581966	1.7027427848082928
1.4588142602753484	1.7560559332162446
1.4621771744567182	1.8084662753691314
1.4655478409559117	1.8599250015002247
1.468926277643867	1.910384139006546
1.472312502432719	1.9597966116606884
1.4757065332758947	2.0081162948010247
1.4791083881682077	2.0552980663423464
1.4825180851459536	2.1012978534738087
1.4859356422870071	2.1460726749374057
1.4893610777109154	2.1895806788062457
1.4927944095789962	2.2317811757078108
1.4962356560944337	2.2726346674632816
1.4996848355023737	2.3121028711401177
1.5031419660900225	2.3501487385393034
1.5066070661867421	2.3867364711639287
1.5100801541641484	2.421831530738779
1.5135612484362084	2.455400645373859
1.5170503674593367	2.487411811486362
1.5205475297324957	2.5178342916165413
1.5240527537972914	2.546638608292562
1.5275660582380728	2.5737965341182005
1.5310874616820302	2.5992810782750584
1.5346169827992946	2.6230664696472386
1.5381546403030348	2.6451281367923154
1.5417004529495595	2.665442684997372
1.545254439538414	2.6839878706724205
1.5488166189124815	2.7007425733473727
1.5523870099580825	2.7156867655514403
1.5559656316050747	2.728801480866676
1.5595525028269537	2.7400687804595623
1.5631476426409543	2.749471718408041
1.5667510701081493	2.7569943061539157
1.5703628043335527	2.7626214764254824
1.5739828644662197	2.766339046989825
1.5776112696993487	2.7681336846115543
1.5812480392703834	2.767992869613699
1.5848931924611136	2.7659048614574995
1.588546748597779	2.761858665783107
1.5922087270511702	2.755844003381168
1.5958791472367329	2.7478512815981944
1.599558028614669	2.7378715687172375
1.6032453906900417	2.7258965718996264
1.6069412530128775	2.7119186193258775
1.6106456351782705	2.6959306472342424
1.6143585568264864	2.677926192626706
1.618080037643066	2.6578993924944827
1.6218100973589302	2.635844990511767
1.6255487557504842	2.611758352259042
1.6292960326397226	2.58563549016851
1.6330519478943346	2.5574730995376083
1.6368165214278088	2.527268607135038
1.6405897731995396	2.4950202341328915
1.6443717232149317	2.4607270753424104
1.6481623915255084	2.4243891970156746
1.6519617982290151	2.386007755809999
1.6557699634695284	2.3455851419023452
1.6595869074375609	2.303125149700402
1.6634126503701696	2.258633180136063
1.6672472125510631	2.212116479161345
1.6710906143107078	2.1635844178156565
1.6749428760264375	2.113048820116562
1.6788040181225605	2.06052434607319
1.6826740610704676	2.0060289383624648
1.6865530253887413	1.9495843426853516
1.6904409316432643	1.8912167135805371
1.6943378004473286	1.8309573195779536
1.6982436524617446	1.7688433640975607
1.7021585083949506	1.7049189415331683
1.7060823890031236	1.6392361516202822
1.7100153150902877	1.5718563996152581
1.7139573075084256	1.502851915190723
1.7179083871575882	1.4323075295034084
1.7218685749860072	1.3603227579071682
1.7258378919902038	1.287014245624894
1.7298163592151017	1.2125186458322161
1.7338039977541382	1.1369960146372602
1.7378008287493756	1.0606338261452064
1.7418068733916143	0.9836517341807156
1.745822152920504	0.9063072366250225
1.749846688624657	0.8289024354473034
1.7538805018417614	0.7517921326727958
1.757923613958693	0.6753935628099176
1.7619760464116294	0.6001981397900541
1.7660378206861647	0.5267856968640489
1.7701089583174212	0.45584182881779195
1.774189480890166	0.38817911788980386
1.778279410038923	0.3247632526340387
1.7823787674480898	0.2667453533928546
1.786487574852051	0.21550222851514744
1.7906058540352945	0.1726868443824879
1.7947336268325267	0.14029206147894413
1.798870915128788	0.12073175935909829
1.8030177408595691	0.11694498199483046
1.807174126010927	0.13253088928485302
1.8113400926196026	0.17192542160278249
1.8155156627731355	0.2406351777668802
1.8197008586099834	0.34555088480899726
1.823895702319638	0.4953733332006145
1.8281002161427427	0.7012010038705155
1.8323144223712116	0.9773546888564107
1.8365383433483464	1.3425570733824521
1.840772001468956	1.821657109845867
1.8450154191794736	2.4482140793784497
1.8492686189780783	3.2684821619474445
1.8535316234148114	4.347762355183599
1.8578044550916986	5.780933048973546
1.8620871366628675	7.710746079206209
1.86637969083467	10.361481568649763
1.8706821403658007	14.105413243835562
1.8749945080674189	19.60658680119354
1.8793168168032686	28.171996887695872
1.8836490894898006	42.76973812453056
1.8879913490962936	71.87834795116362
1.8923436186449756	153.3220936895491
1.8967059212111463	1316.0050177768696
1.9010782799233001	-369.1995732855805
1.9054607179632472	-208.80752635955469
1.9098532585662382	-158.86113511736707
1.914255925021086	-134.83078589502873
1.9186687406702896	-121.24701210320455
1.9230917289101586	-113.08829880670022
1.9275249131909362	-108.24523326718787
1.9319683170169242	-105.70146910752095
1.9364219639466074	-104.93948738477167
1.9408858775927782	-105.7096271542982
1.9453600816226628	-107.93317530773155
1.9498445997580456	-111.66584625317347
1.9543394557753948	-117.09690484586552
1.95884467350599	-124.57973917403632
1.963360276836047	-134.7045749295645
1.967886289706845	-148.44571516943535
1.9724227361148539	-167.46388570131094
1.976969640111861	-194.77556994101306
1.9815270258050985	-236.42390256067722
1.9860949173573716	-306.4626454709411
1.990673338987187	-446.6755444247573
1.9952623149688797	-861.172142031936
1.9998618696327444	-28974.18024017208